delivery,batsman,bowler,extras_dict,non_striker,runs_dict,wicket_dict,wides,noballs,legbyes,byes,penalty,kind,player_out,fielders,runs,extras,total,team,city,date,gender,match_type,neutral_venue,winner,winType,winMargin,result,resultHow,resultTeam,non_boundary,ManOfMatch,overs,team1,team2,tossWinner,tossDecision,venue
0.1,JH Kallis,IK Pathan,0,SP Goswami,"{'batsman': 1, 'extras': 0, 'total': 1}",0,0.0,0,0.0,0.0,0,0,0,0,1,0,1,Kolkata Knight Riders,Delhi,2011-04-28,male,T20,0,Kolkata Knight Riders,runs,17,0,0,0,0,MK Tiwary,20,Delhi Daredevils,Kolkata Knight Riders,Delhi Daredevils,field,Feroz Shah Kotla
0.2,SP Goswami,IK Pathan,0,JH Kallis,"{'batsman': 0, 'extras': 0, 'total': 0}",0,0.0,0,0.0,0.0,0,0,0,0,0,0,0,Kolkata Knight Riders,Delhi,2011-04-28,male,T20,0,Kolkata Knight Riders,runs,17,0,0,0,0,MK Tiwary,20,Delhi Daredevils,Kolkata Knight Riders,Delhi Daredevils,field,Feroz Shah Kotla
0.3,SP Goswami,IK Pathan,0,JH Kallis,"{'batsman': 1, 'extras': 0, 'total': 1}",0,0.0,0,0.0,0.0,0,0,0,0,1,0,1,Kolkata Knight Riders,Delhi,2011-04-28,male,T20,0,Kolkata Knight Riders,runs,17,0,0,0,0,MK Tiwary,20,Delhi Daredevils,Kolkata Knight Riders,Delhi Daredevils,field,Feroz Shah Kotla
0.4,JH Kallis,IK Pathan,0,SP Goswami,"{'batsman': 0, 'extras': 0, 'total': 0}",0,0.0,0,0.0,0.0,0,0,0,0,0,0,0,Kolkata Knight Riders,Delhi,2011-04-28,male,T20,0,Kolkata Knight Riders,runs,17,0,0,0,0,MK Tiwary,20,Delhi Daredevils,Kolkata Knight Riders,Delhi Daredevils,field,Feroz Shah Kotla
0.5,JH Kallis,IK Pathan,0,SP Goswami,"{'batsman': 1, 'extras': 0, 'total': 1}",0,0.0,0,0.0,0.0,0,0,0,0,1,0,1,Kolkata Knight Riders,Delhi,2011-04-28,male,T20,0,Kolkata Knight Riders,runs,17,0,0,0,0,MK Tiwary,20,Delhi Daredevils,Kolkata Knight Riders,Delhi Daredevils,field,Feroz Shah Kotla
0.6,SP Goswami,IK Pathan,0,JH Kallis,"{'batsman': 1, 'extras': 0, 'total': 1}",0,0.0,0,0.0,0.0,0,0,0,0,1,0,1,Kolkata Knight Riders,Delhi,2011-04-28,male,T20,0,Kolkata Knight Riders,runs,17,0,0,0,0,MK Tiwary,20,Delhi Daredevils,Kolkata Knight Riders,Delhi Daredevils,field,Feroz Shah Kotla
1.1,SP Goswami,M Morkel,{'wides': 1},JH Kallis,"{'batsman': 0, 'extras': 1, 'total': 1}",0,1.0,0,0.0,0.0,0,0,0,0,0,1,1,Kolkata Knight Riders,Delhi,2011-04-28,male,T20,0,Kolkata Knight Riders,runs,17,0,0,0,0,MK Tiwary,20,Delhi Daredevils,Kolkata Knight Riders,Delhi Daredevils,field,Feroz Shah Kotla
1.2,SP Goswami,M Morkel,0,JH Kallis,"{'batsman': 0, 'extras': 0, 'total': 0}",0,0.0,0,0.0,0.0,0,0,0,0,0,0,0,Kolkata Knight Riders,Delhi,2011-04-28,male,T20,0,Kolkata Knight Riders,runs,17,0,0,0,0,MK Tiwary,20,Delhi Daredevils,Kolkata Knight Riders,Delhi Daredevils,field,Feroz Shah Kotla
1.3,SP Goswami,M Morkel,0,JH Kallis,"{'batsman': 0, 'extras': 0, 'total': 0}",0,0.0,0,0.0,0.0,0,0,0,0,0,0,0,Kolkata Knight Riders,Delhi,2011-04-28,male,T20,0,Kolkata Knight Riders,runs,17,0,0,0,0,MK Tiwary,20,Delhi Daredevils,Kolkata Knight Riders,Delhi Daredevils,field,Feroz Shah Kotla
1.4,SP Goswami,M Morkel,0,JH Kallis,"{'batsman': 0, 'extras': 0, 'total': 0}",0,0.0,0,0.0,0.0,0,0,0,0,0,0,0,Kolkata Knight Riders,Delhi,2011-04-28,male,T20,0,Kolkata Knight Riders,runs,17,0,0,0,0,MK Tiwary,20,Delhi Daredevils,Kolkata Knight Riders,Delhi Daredevils,field,Feroz Shah Kotla
1.5,SP Goswami,M Morkel,0,JH Kallis,"{'batsman': 4, 'extras': 0, 'total': 4}",0,0.0,0,0.0,0.0,0,0,0,0,4,0,4,Kolkata Knight Riders,Delhi,2011-04-28,male,T20,0,Kolkata Knight Riders,runs,17,0,0,0,0,MK Tiwary,20,Delhi Daredevils,Kolkata Knight Riders,Delhi Daredevils,field,Feroz Shah Kotla
1.6,SP Goswami,M Morkel,0,JH Kallis,"{'batsman': 0, 'extras': 0, 'total': 0}",0,0.0,0,0.0,0.0,0,0,0,0,0,0,0,Kolkata Knight Riders,Delhi,2011-04-28,male,T20,0,Kolkata Knight Riders,runs,17,0,0,0,0,MK Tiwary,20,Delhi Daredevils,Kolkata Knight Riders,Delhi Daredevils,field,Feroz Shah Kotla
1.7,SP Goswami,M Morkel,0,JH Kallis,"{'batsman': 4, 'extras': 0, 'total': 4}",0,0.0,0,0.0,0.0,0,0,0,0,4,0,4,Kolkata Knight Riders,Delhi,2011-04-28,male,T20,0,Kolkata Knight Riders,runs,17,0,0,0,0,MK Tiwary,20,Delhi Daredevils,Kolkata Knight Riders,Delhi Daredevils,field,Feroz Shah Kotla
2.1,JH Kallis,IK Pathan,0,SP Goswami,"{'batsman': 0, 'extras': 0, 'total': 0}",0,0.0,0,0.0,0.0,0,0,0,0,0,0,0,Kolkata Knight Riders,Delhi,2011-04-28,male,T20,0,Kolkata Knight Riders,runs,17,0,0,0,0,MK Tiwary,20,Delhi Daredevils,Kolkata Knight Riders,Delhi Daredevils,field,Feroz Shah Kotla
2.2,JH Kallis,IK Pathan,0,SP Goswami,"{'batsman': 0, 'extras': 0, 'total': 0}",0,0.0,0,0.0,0.0,0,0,0,0,0,0,0,Kolkata Knight Riders,Delhi,2011-04-28,male,T20,0,Kolkata Knight Riders,runs,17,0,0,0,0,MK Tiwary,20,Delhi Daredevils,Kolkata Knight Riders,Delhi Daredevils,field,Feroz Shah Kotla
2.3,JH Kallis,IK Pathan,0,SP Goswami,"{'batsman': 1, 'extras': 0, 'total': 1}",0,0.0,0,0.0,0.0,0,0,0,0,1,0,1,Kolkata Knight Riders,Delhi,2011-04-28,male,T20,0,Kolkata Knight Riders,runs,17,0,0,0,0,MK Tiwary,20,Delhi Daredevils,Kolkata Knight Riders,Delhi Daredevils,field,Feroz Shah Kotla
2.4,SP Goswami,IK Pathan,0,JH Kallis,"{'batsman': 0, 'extras': 0, 'total': 0}",0,0.0,0,0.0,0.0,0,0,0,0,0,0,0,Kolkata Knight Riders,Delhi,2011-04-28,male,T20,0,Kolkata Knight Riders,runs,17,0,0,0,0,MK Tiwary,20,Delhi Daredevils,Kolkata Knight Riders,Delhi Daredevils,field,Feroz Shah Kotla
2.5,SP Goswami,IK Pathan,0,JH Kallis,"{'batsman': 0, 'extras': 0, 'total': 0}",0,0.0,0,0.0,0.0,0,0,0,0,0,0,0,Kolkata Knight Riders,Delhi,2011-04-28,male,T20,0,Kolkata Knight Riders,runs,17,0,0,0,0,MK Tiwary,20,Delhi Daredevils,Kolkata Knight Riders,Delhi Daredevils,field,Feroz Shah Kotla
2.6,SP Goswami,IK Pathan,0,JH Kallis,"{'batsman': 1, 'extras': 0, 'total': 1}",0,0.0,0,0.0,0.0,0,0,0,0,1,0,1,Kolkata Knight Riders,Delhi,2011-04-28,male,T20,0,Kolkata Knight Riders,runs,17,0,0,0,0,MK Tiwary,20,Delhi Daredevils,Kolkata Knight Riders,Delhi Daredevils,field,Feroz Shah Kotla
3.1,SP Goswami,M Morkel,0,JH Kallis,"{'batsman': 0, 'extras': 0, 'total': 0}",0,0.0,0,0.0,0.0,0,0,0,0,0,0,0,Kolkata Knight Riders,Delhi,2011-04-28,male,T20,0,Kolkata Knight Riders,runs,17,0,0,0,0,MK Tiwary,20,Delhi Daredevils,Kolkata Knight Riders,Delhi Daredevils,field,Feroz Shah Kotla
3.2,SP Goswami,M Morkel,0,JH Kallis,"{'batsman': 4, 'extras': 0, 'total': 4}",0,0.0,0,0.0,0.0,0,0,0,0,4,0,4,Kolkata Knight Riders,Delhi,2011-04-28,male,T20,0,Kolkata Knight Riders,runs,17,0,0,0,0,MK Tiwary,20,Delhi Daredevils,Kolkata Knight Riders,Delhi Daredevils,field,Feroz Shah Kotla
3.3,SP Goswami,M Morkel,0,JH Kallis,"{'batsman': 1, 'extras': 0, 'total': 1}",0,0.0,0,0.0,0.0,0,0,0,0,1,0,1,Kolkata Knight Riders,Delhi,2011-04-28,male,T20,0,Kolkata Knight Riders,runs,17,0,0,0,0,MK Tiwary,20,Delhi Daredevils,Kolkata Knight Riders,Delhi Daredevils,field,Feroz Shah Kotla
3.4,JH Kallis,M Morkel,0,SP Goswami,"{'batsman': 4, 'extras': 0, 'total': 4}",0,0.0,0,0.0,0.0,0,0,0,0,4,0,4,Kolkata Knight Riders,Delhi,2011-04-28,male,T20,0,Kolkata Knight Riders,runs,17,0,0,0,0,MK Tiwary,20,Delhi Daredevils,Kolkata Knight Riders,Delhi Daredevils,field,Feroz Shah Kotla
3.5,JH Kallis,M Morkel,0,SP Goswami,"{'batsman': 4, 'extras': 0, 'total': 4}",0,0.0,0,0.0,0.0,0,0,0,0,4,0,4,Kolkata Knight Riders,Delhi,2011-04-28,male,T20,0,Kolkata Knight Riders,runs,17,0,0,0,0,MK Tiwary,20,Delhi Daredevils,Kolkata Knight Riders,Delhi Daredevils,field,Feroz Shah Kotla
3.6,JH Kallis,M Morkel,0,SP Goswami,"{'batsman': 0, 'extras': 0, 'total': 0}",0,0.0,0,0.0,0.0,0,0,0,0,0,0,0,Kolkata Knight Riders,Delhi,2011-04-28,male,T20,0,Kolkata Knight Riders,runs,17,0,0,0,0,MK Tiwary,20,Delhi Daredevils,Kolkata Knight Riders,Delhi Daredevils,field,Feroz Shah Kotla
4.1,SP Goswami,IK Pathan,0,JH Kallis,"{'batsman': 1, 'extras': 0, 'total': 1}",0,0.0,0,0.0,0.0,0,0,0,0,1,0,1,Kolkata Knight Riders,Delhi,2011-04-28,male,T20,0,Kolkata Knight Riders,runs,17,0,0,0,0,MK Tiwary,20,Delhi Daredevils,Kolkata Knight Riders,Delhi Daredevils,field,Feroz Shah Kotla
4.2,JH Kallis,IK Pathan,0,SP Goswami,"{'batsman': 0, 'extras': 0, 'total': 0}",0,0.0,0,0.0,0.0,0,0,0,0,0,0,0,Kolkata Knight Riders,Delhi,2011-04-28,male,T20,0,Kolkata Knight Riders,runs,17,0,0,0,0,MK Tiwary,20,Delhi Daredevils,Kolkata Knight Riders,Delhi Daredevils,field,Feroz Shah Kotla
4.3,JH Kallis,IK Pathan,0,SP Goswami,"{'batsman': 0, 'extras': 0, 'total': 0}","{'kind': 'bowled', 'player_out': 'JH Kallis'}",0.0,0,0.0,0.0,0,bowled,JH Kallis,0,0,0,0,Kolkata Knight Riders,Delhi,2011-04-28,male,T20,0,Kolkata Knight Riders,runs,17,0,0,0,0,MK Tiwary,20,Delhi Daredevils,Kolkata Knight Riders,Delhi Daredevils,field,Feroz Shah Kotla
4.4,G Gambhir,IK Pathan,0,SP Goswami,"{'batsman': 0, 'extras': 0, 'total': 0}",0,0.0,0,0.0,0.0,0,0,0,0,0,0,0,Kolkata Knight Riders,Delhi,2011-04-28,male,T20,0,Kolkata Knight Riders,runs,17,0,0,0,0,MK Tiwary,20,Delhi Daredevils,Kolkata Knight Riders,Delhi Daredevils,field,Feroz Shah Kotla
4.5,G Gambhir,IK Pathan,0,SP Goswami,"{'batsman': 1, 'extras': 0, 'total': 1}",0,0.0,0,0.0,0.0,0,0,0,0,1,0,1,Kolkata Knight Riders,Delhi,2011-04-28,male,T20,0,Kolkata Knight Riders,runs,17,0,0,0,0,MK Tiwary,20,Delhi Daredevils,Kolkata Knight Riders,Delhi Daredevils,field,Feroz Shah Kotla
4.6,SP Goswami,IK Pathan,0,G Gambhir,"{'batsman': 4, 'extras': 0, 'total': 4}",0,0.0,0,0.0,0.0,0,0,0,0,4,0,4,Kolkata Knight Riders,Delhi,2011-04-28,male,T20,0,Kolkata Knight Riders,runs,17,0,0,0,0,MK Tiwary,20,Delhi Daredevils,Kolkata Knight Riders,Delhi Daredevils,field,Feroz Shah Kotla
5.1,G Gambhir,UT Yadav,0,SP Goswami,"{'batsman': 0, 'extras': 0, 'total': 0}",0,0.0,0,0.0,0.0,0,0,0,0,0,0,0,Kolkata Knight Riders,Delhi,2011-04-28,male,T20,0,Kolkata Knight Riders,runs,17,0,0,0,0,MK Tiwary,20,Delhi Daredevils,Kolkata Knight Riders,Delhi Daredevils,field,Feroz Shah Kotla
5.2,G Gambhir,UT Yadav,0,SP Goswami,"{'batsman': 1, 'extras': 0, 'total': 1}",0,0.0,0,0.0,0.0,0,0,0,0,1,0,1,Kolkata Knight Riders,Delhi,2011-04-28,male,T20,0,Kolkata Knight Riders,runs,17,0,0,0,0,MK Tiwary,20,Delhi Daredevils,Kolkata Knight Riders,Delhi Daredevils,field,Feroz Shah Kotla
5.3,SP Goswami,UT Yadav,0,G Gambhir,"{'batsman': 0, 'extras': 0, 'total': 0}",0,0.0,0,0.0,0.0,0,0,0,0,0,0,0,Kolkata Knight Riders,Delhi,2011-04-28,male,T20,0,Kolkata Knight Riders,runs,17,0,0,0,0,MK Tiwary,20,Delhi Daredevils,Kolkata Knight Riders,Delhi Daredevils,field,Feroz Shah Kotla
5.4,SP Goswami,UT Yadav,0,G Gambhir,"{'batsman': 1, 'extras': 0, 'total': 1}",0,0.0,0,0.0,0.0,0,0,0,0,1,0,1,Kolkata Knight Riders,Delhi,2011-04-28,male,T20,0,Kolkata Knight Riders,runs,17,0,0,0,0,MK Tiwary,20,Delhi Daredevils,Kolkata Knight Riders,Delhi Daredevils,field,Feroz Shah Kotla
5.5,G Gambhir,UT Yadav,0,SP Goswami,"{'batsman': 4, 'extras': 0, 'total': 4}",0,0.0,0,0.0,0.0,0,0,0,0,4,0,4,Kolkata Knight Riders,Delhi,2011-04-28,male,T20,0,Kolkata Knight Riders,runs,17,0,0,0,0,MK Tiwary,20,Delhi Daredevils,Kolkata Knight Riders,Delhi Daredevils,field,Feroz Shah Kotla
5.6,G Gambhir,UT Yadav,0,SP Goswami,"{'batsman': 2, 'extras': 0, 'total': 2}",0,0.0,0,0.0,0.0,0,0,0,0,2,0,2,Kolkata Knight Riders,Delhi,2011-04-28,male,T20,0,Kolkata Knight Riders,runs,17,0,0,0,0,MK Tiwary,20,Delhi Daredevils,Kolkata Knight Riders,Delhi Daredevils,field,Feroz Shah Kotla
6.1,SP Goswami,AB Agarkar,0,G Gambhir,"{'batsman': 0, 'extras': 0, 'total': 0}","{'fielders': ['NV Ojha'], 'kind': 'caught', 'player_out': 'SP Goswami'}",0.0,0,0.0,0.0,0,caught,SP Goswami,['NV Ojha'],0,0,0,Kolkata Knight Riders,Delhi,2011-04-28,male,T20,0,Kolkata Knight Riders,runs,17,0,0,0,0,MK Tiwary,20,Delhi Daredevils,Kolkata Knight Riders,Delhi Daredevils,field,Feroz Shah Kotla
6.2,MK Tiwary,AB Agarkar,{'wides': 1},G Gambhir,"{'batsman': 0, 'extras': 1, 'total': 1}",0,1.0,0,0.0,0.0,0,0,0,0,0,1,1,Kolkata Knight Riders,Delhi,2011-04-28,male,T20,0,Kolkata Knight Riders,runs,17,0,0,0,0,MK Tiwary,20,Delhi Daredevils,Kolkata Knight Riders,Delhi Daredevils,field,Feroz Shah Kotla
6.3,MK Tiwary,AB Agarkar,0,G Gambhir,"{'batsman': 1, 'extras': 0, 'total': 1}",0,0.0,0,0.0,0.0,0,0,0,0,1,0,1,Kolkata Knight Riders,Delhi,2011-04-28,male,T20,0,Kolkata Knight Riders,runs,17,0,0,0,0,MK Tiwary,20,Delhi Daredevils,Kolkata Knight Riders,Delhi Daredevils,field,Feroz Shah Kotla
6.4,G Gambhir,AB Agarkar,0,MK Tiwary,"{'batsman': 0, 'extras': 0, 'total': 0}",0,0.0,0,0.0,0.0,0,0,0,0,0,0,0,Kolkata Knight Riders,Delhi,2011-04-28,male,T20,0,Kolkata Knight Riders,runs,17,0,0,0,0,MK Tiwary,20,Delhi Daredevils,Kolkata Knight Riders,Delhi Daredevils,field,Feroz Shah Kotla
6.5,G Gambhir,AB Agarkar,0,MK Tiwary,"{'batsman': 4, 'extras': 0, 'total': 4}",0,0.0,0,0.0,0.0,0,0,0,0,4,0,4,Kolkata Knight Riders,Delhi,2011-04-28,male,T20,0,Kolkata Knight Riders,runs,17,0,0,0,0,MK Tiwary,20,Delhi Daredevils,Kolkata Knight Riders,Delhi Daredevils,field,Feroz Shah Kotla
6.6,G Gambhir,AB Agarkar,0,MK Tiwary,"{'batsman': 1, 'extras': 0, 'total': 1}",0,0.0,0,0.0,0.0,0,0,0,0,1,0,1,Kolkata Knight Riders,Delhi,2011-04-28,male,T20,0,Kolkata Knight Riders,runs,17,0,0,0,0,MK Tiwary,20,Delhi Daredevils,Kolkata Knight Riders,Delhi Daredevils,field,Feroz Shah Kotla
6.7,MK Tiwary,AB Agarkar,0,G Gambhir,"{'batsman': 1, 'extras': 0, 'total': 1}",0,0.0,0,0.0,0.0,0,0,0,0,1,0,1,Kolkata Knight Riders,Delhi,2011-04-28,male,T20,0,Kolkata Knight Riders,runs,17,0,0,0,0,MK Tiwary,20,Delhi Daredevils,Kolkata Knight Riders,Delhi Daredevils,field,Feroz Shah Kotla
7.1,MK Tiwary,UT Yadav,0,G Gambhir,"{'batsman': 4, 'extras': 0, 'total': 4}",0,0.0,0,0.0,0.0,0,0,0,0,4,0,4,Kolkata Knight Riders,Delhi,2011-04-28,male,T20,0,Kolkata Knight Riders,runs,17,0,0,0,0,MK Tiwary,20,Delhi Daredevils,Kolkata Knight Riders,Delhi Daredevils,field,Feroz Shah Kotla
7.2,MK Tiwary,UT Yadav,0,G Gambhir,"{'batsman': 0, 'extras': 0, 'total': 0}",0,0.0,0,0.0,0.0,0,0,0,0,0,0,0,Kolkata Knight Riders,Delhi,2011-04-28,male,T20,0,Kolkata Knight Riders,runs,17,0,0,0,0,MK Tiwary,20,Delhi Daredevils,Kolkata Knight Riders,Delhi Daredevils,field,Feroz Shah Kotla
7.3,MK Tiwary,UT Yadav,0,G Gambhir,"{'batsman': 0, 'extras': 0, 'total': 0}",0,0.0,0,0.0,0.0,0,0,0,0,0,0,0,Kolkata Knight Riders,Delhi,2011-04-28,male,T20,0,Kolkata Knight Riders,runs,17,0,0,0,0,MK Tiwary,20,Delhi Daredevils,Kolkata Knight Riders,Delhi Daredevils,field,Feroz Shah Kotla
7.4,MK Tiwary,UT Yadav,0,G Gambhir,"{'batsman': 0, 'extras': 0, 'total': 0}",0,0.0,0,0.0,0.0,0,0,0,0,0,0,0,Kolkata Knight Riders,Delhi,2011-04-28,male,T20,0,Kolkata Knight Riders,runs,17,0,0,0,0,MK Tiwary,20,Delhi Daredevils,Kolkata Knight Riders,Delhi Daredevils,field,Feroz Shah Kotla
7.5,MK Tiwary,UT Yadav,0,G Gambhir,"{'batsman': 1, 'extras': 0, 'total': 1}",0,0.0,0,0.0,0.0,0,0,0,0,1,0,1,Kolkata Knight Riders,Delhi,2011-04-28,male,T20,0,Kolkata Knight Riders,runs,17,0,0,0,0,MK Tiwary,20,Delhi Daredevils,Kolkata Knight Riders,Delhi Daredevils,field,Feroz Shah Kotla
7.6,G Gambhir,UT Yadav,0,MK Tiwary,"{'batsman': 0, 'extras': 0, 'total': 0}",0,0.0,0,0.0,0.0,0,0,0,0,0,0,0,Kolkata Knight Riders,Delhi,2011-04-28,male,T20,0,Kolkata Knight Riders,runs,17,0,0,0,0,MK Tiwary,20,Delhi Daredevils,Kolkata Knight Riders,Delhi Daredevils,field,Feroz Shah Kotla
8.1,MK Tiwary,AB Agarkar,0,G Gambhir,"{'batsman': 0, 'extras': 0, 'total': 0}",0,0.0,0,0.0,0.0,0,0,0,0,0,0,0,Kolkata Knight Riders,Delhi,2011-04-28,male,T20,0,Kolkata Knight Riders,runs,17,0,0,0,0,MK Tiwary,20,Delhi Daredevils,Kolkata Knight Riders,Delhi Daredevils,field,Feroz Shah Kotla
8.2,MK Tiwary,AB Agarkar,0,G Gambhir,"{'batsman': 1, 'extras': 0, 'total': 1}",0,0.0,0,0.0,0.0,0,0,0,0,1,0,1,Kolkata Knight Riders,Delhi,2011-04-28,male,T20,0,Kolkata Knight Riders,runs,17,0,0,0,0,MK Tiwary,20,Delhi Daredevils,Kolkata Knight Riders,Delhi Daredevils,field,Feroz Shah Kotla
8.3,G Gambhir,AB Agarkar,0,MK Tiwary,"{'batsman': 1, 'extras': 0, 'total': 1}",0,0.0,0,0.0,0.0,0,0,0,0,1,0,1,Kolkata Knight Riders,Delhi,2011-04-28,male,T20,0,Kolkata Knight Riders,runs,17,0,0,0,0,MK Tiwary,20,Delhi Daredevils,Kolkata Knight Riders,Delhi Daredevils,field,Feroz Shah Kotla
8.4,MK Tiwary,AB Agarkar,0,G Gambhir,"{'batsman': 0, 'extras': 0, 'total': 0}",0,0.0,0,0.0,0.0,0,0,0,0,0,0,0,Kolkata Knight Riders,Delhi,2011-04-28,male,T20,0,Kolkata Knight Riders,runs,17,0,0,0,0,MK Tiwary,20,Delhi Daredevils,Kolkata Knight Riders,Delhi Daredevils,field,Feroz Shah Kotla
8.5,MK Tiwary,AB Agarkar,0,G Gambhir,"{'batsman': 1, 'extras': 0, 'total': 1}",0,0.0,0,0.0,0.0,0,0,0,0,1,0,1,Kolkata Knight Riders,Delhi,2011-04-28,male,T20,0,Kolkata Knight Riders,runs,17,0,0,0,0,MK Tiwary,20,Delhi Daredevils,Kolkata Knight Riders,Delhi Daredevils,field,Feroz Shah Kotla
8.6,G Gambhir,AB Agarkar,0,MK Tiwary,"{'batsman': 0, 'extras': 0, 'total': 0}",0,0.0,0,0.0,0.0,0,0,0,0,0,0,0,Kolkata Knight Riders,Delhi,2011-04-28,male,T20,0,Kolkata Knight Riders,runs,17,0,0,0,0,MK Tiwary,20,Delhi Daredevils,Kolkata Knight Riders,Delhi Daredevils,field,Feroz Shah Kotla
9.1,MK Tiwary,JR Hopes,0,G Gambhir,"{'batsman': 0, 'extras': 0, 'total': 0}",0,0.0,0,0.0,0.0,0,0,0,0,0,0,0,Kolkata Knight Riders,Delhi,2011-04-28,male,T20,0,Kolkata Knight Riders,runs,17,0,0,0,0,MK Tiwary,20,Delhi Daredevils,Kolkata Knight Riders,Delhi Daredevils,field,Feroz Shah Kotla
9.2,MK Tiwary,JR Hopes,0,G Gambhir,"{'batsman': 0, 'extras': 0, 'total': 0}",0,0.0,0,0.0,0.0,0,0,0,0,0,0,0,Kolkata Knight Riders,Delhi,2011-04-28,male,T20,0,Kolkata Knight Riders,runs,17,0,0,0,0,MK Tiwary,20,Delhi Daredevils,Kolkata Knight Riders,Delhi Daredevils,field,Feroz Shah Kotla
9.3,MK Tiwary,JR Hopes,0,G Gambhir,"{'batsman': 1, 'extras': 0, 'total': 1}",0,0.0,0,0.0,0.0,0,0,0,0,1,0,1,Kolkata Knight Riders,Delhi,2011-04-28,male,T20,0,Kolkata Knight Riders,runs,17,0,0,0,0,MK Tiwary,20,Delhi Daredevils,Kolkata Knight Riders,Delhi Daredevils,field,Feroz Shah Kotla
9.4,G Gambhir,JR Hopes,0,MK Tiwary,"{'batsman': 1, 'extras': 0, 'total': 1}",0,0.0,0,0.0,0.0,0,0,0,0,1,0,1,Kolkata Knight Riders,Delhi,2011-04-28,male,T20,0,Kolkata Knight Riders,runs,17,0,0,0,0,MK Tiwary,20,Delhi Daredevils,Kolkata Knight Riders,Delhi Daredevils,field,Feroz Shah Kotla
9.5,MK Tiwary,JR Hopes,{'wides': 1},G Gambhir,"{'batsman': 0, 'extras': 1, 'total': 1}",0,1.0,0,0.0,0.0,0,0,0,0,0,1,1,Kolkata Knight Riders,Delhi,2011-04-28,male,T20,0,Kolkata Knight Riders,runs,17,0,0,0,0,MK Tiwary,20,Delhi Daredevils,Kolkata Knight Riders,Delhi Daredevils,field,Feroz Shah Kotla
9.6,MK Tiwary,JR Hopes,0,G Gambhir,"{'batsman': 1, 'extras': 0, 'total': 1}",0,0.0,0,0.0,0.0,0,0,0,0,1,0,1,Kolkata Knight Riders,Delhi,2011-04-28,male,T20,0,Kolkata Knight Riders,runs,17,0,0,0,0,MK Tiwary,20,Delhi Daredevils,Kolkata Knight Riders,Delhi Daredevils,field,Feroz Shah Kotla
9.7,G Gambhir,JR Hopes,0,MK Tiwary,"{'batsman': 2, 'extras': 0, 'total': 2}",0,0.0,0,0.0,0.0,0,0,0,0,2,0,2,Kolkata Knight Riders,Delhi,2011-04-28,male,T20,0,Kolkata Knight Riders,runs,17,0,0,0,0,MK Tiwary,20,Delhi Daredevils,Kolkata Knight Riders,Delhi Daredevils,field,Feroz Shah Kotla
10.1,MK Tiwary,AB Agarkar,0,G Gambhir,"{'batsman': 6, 'extras': 0, 'total': 6}",0,0.0,0,0.0,0.0,0,0,0,0,6,0,6,Kolkata Knight Riders,Delhi,2011-04-28,male,T20,0,Kolkata Knight Riders,runs,17,0,0,0,0,MK Tiwary,20,Delhi Daredevils,Kolkata Knight Riders,Delhi Daredevils,field,Feroz Shah Kotla
10.2,MK Tiwary,AB Agarkar,0,G Gambhir,"{'batsman': 4, 'extras': 0, 'total': 4}",0,0.0,0,0.0,0.0,0,0,0,0,4,0,4,Kolkata Knight Riders,Delhi,2011-04-28,male,T20,0,Kolkata Knight Riders,runs,17,0,0,0,0,MK Tiwary,20,Delhi Daredevils,Kolkata Knight Riders,Delhi Daredevils,field,Feroz Shah Kotla
10.3,MK Tiwary,AB Agarkar,0,G Gambhir,"{'batsman': 3, 'extras': 0, 'total': 3}",0,0.0,0,0.0,0.0,0,0,0,0,3,0,3,Kolkata Knight Riders,Delhi,2011-04-28,male,T20,0,Kolkata Knight Riders,runs,17,0,0,0,0,MK Tiwary,20,Delhi Daredevils,Kolkata Knight Riders,Delhi Daredevils,field,Feroz Shah Kotla
10.4,G Gambhir,AB Agarkar,0,MK Tiwary,"{'batsman': 0, 'extras': 0, 'total': 0}",0,0.0,0,0.0,0.0,0,0,0,0,0,0,0,Kolkata Knight Riders,Delhi,2011-04-28,male,T20,0,Kolkata Knight Riders,runs,17,0,0,0,0,MK Tiwary,20,Delhi Daredevils,Kolkata Knight Riders,Delhi Daredevils,field,Feroz Shah Kotla
10.5,G Gambhir,AB Agarkar,0,MK Tiwary,"{'batsman': 1, 'extras': 0, 'total': 1}",0,0.0,0,0.0,0.0,0,0,0,0,1,0,1,Kolkata Knight Riders,Delhi,2011-04-28,male,T20,0,Kolkata Knight Riders,runs,17,0,0,0,0,MK Tiwary,20,Delhi Daredevils,Kolkata Knight Riders,Delhi Daredevils,field,Feroz Shah Kotla
10.6,MK Tiwary,AB Agarkar,0,G Gambhir,"{'batsman': 1, 'extras': 0, 'total': 1}",0,0.0,0,0.0,0.0,0,0,0,0,1,0,1,Kolkata Knight Riders,Delhi,2011-04-28,male,T20,0,Kolkata Knight Riders,runs,17,0,0,0,0,MK Tiwary,20,Delhi Daredevils,Kolkata Knight Riders,Delhi Daredevils,field,Feroz Shah Kotla
11.1,MK Tiwary,JR Hopes,0,G Gambhir,"{'batsman': 1, 'extras': 0, 'total': 1}",0,0.0,0,0.0,0.0,0,0,0,0,1,0,1,Kolkata Knight Riders,Delhi,2011-04-28,male,T20,0,Kolkata Knight Riders,runs,17,0,0,0,0,MK Tiwary,20,Delhi Daredevils,Kolkata Knight Riders,Delhi Daredevils,field,Feroz Shah Kotla
11.2,G Gambhir,JR Hopes,0,MK Tiwary,"{'batsman': 0, 'extras': 0, 'total': 0}",0,0.0,0,0.0,0.0,0,0,0,0,0,0,0,Kolkata Knight Riders,Delhi,2011-04-28,male,T20,0,Kolkata Knight Riders,runs,17,0,0,0,0,MK Tiwary,20,Delhi Daredevils,Kolkata Knight Riders,Delhi Daredevils,field,Feroz Shah Kotla
11.3,G Gambhir,JR Hopes,{'legbyes': 1},MK Tiwary,"{'batsman': 0, 'extras': 1, 'total': 1}",0,0.0,0,1.0,0.0,0,0,0,0,0,1,1,Kolkata Knight Riders,Delhi,2011-04-28,male,T20,0,Kolkata Knight Riders,runs,17,0,0,0,0,MK Tiwary,20,Delhi Daredevils,Kolkata Knight Riders,Delhi Daredevils,field,Feroz Shah Kotla
11.4,MK Tiwary,JR Hopes,0,G Gambhir,"{'batsman': 1, 'extras': 0, 'total': 1}",0,0.0,0,0.0,0.0,0,0,0,0,1,0,1,Kolkata Knight Riders,Delhi,2011-04-28,male,T20,0,Kolkata Knight Riders,runs,17,0,0,0,0,MK Tiwary,20,Delhi Daredevils,Kolkata Knight Riders,Delhi Daredevils,field,Feroz Shah Kotla
11.5,G Gambhir,JR Hopes,0,MK Tiwary,"{'batsman': 0, 'extras': 0, 'total': 0}","{'fielders': ['Y Venugopal Rao'], 'kind': 'caught', 'player_out': 'G Gambhir'}",0.0,0,0.0,0.0,0,caught,G Gambhir,['Y Venugopal Rao'],0,0,0,Kolkata Knight Riders,Delhi,2011-04-28,male,T20,0,Kolkata Knight Riders,runs,17,0,0,0,0,MK Tiwary,20,Delhi Daredevils,Kolkata Knight Riders,Delhi Daredevils,field,Feroz Shah Kotla
11.6,MK Tiwary,JR Hopes,0,YK Pathan,"{'batsman': 1, 'extras': 0, 'total': 1}",0,0.0,0,0.0,0.0,0,0,0,0,1,0,1,Kolkata Knight Riders,Delhi,2011-04-28,male,T20,0,Kolkata Knight Riders,runs,17,0,0,0,0,MK Tiwary,20,Delhi Daredevils,Kolkata Knight Riders,Delhi Daredevils,field,Feroz Shah Kotla
12.1,MK Tiwary,M Morkel,0,YK Pathan,"{'batsman': 6, 'extras': 0, 'total': 6}",0,0.0,0,0.0,0.0,0,0,0,0,6,0,6,Kolkata Knight Riders,Delhi,2011-04-28,male,T20,0,Kolkata Knight Riders,runs,17,0,0,0,0,MK Tiwary,20,Delhi Daredevils,Kolkata Knight Riders,Delhi Daredevils,field,Feroz Shah Kotla
12.2,MK Tiwary,M Morkel,0,YK Pathan,"{'batsman': 1, 'extras': 0, 'total': 1}",0,0.0,0,0.0,0.0,0,0,0,0,1,0,1,Kolkata Knight Riders,Delhi,2011-04-28,male,T20,0,Kolkata Knight Riders,runs,17,0,0,0,0,MK Tiwary,20,Delhi Daredevils,Kolkata Knight Riders,Delhi Daredevils,field,Feroz Shah Kotla
12.3,YK Pathan,M Morkel,0,MK Tiwary,"{'batsman': 0, 'extras': 0, 'total': 0}",0,0.0,0,0.0,0.0,0,0,0,0,0,0,0,Kolkata Knight Riders,Delhi,2011-04-28,male,T20,0,Kolkata Knight Riders,runs,17,0,0,0,0,MK Tiwary,20,Delhi Daredevils,Kolkata Knight Riders,Delhi Daredevils,field,Feroz Shah Kotla
12.4,YK Pathan,M Morkel,0,MK Tiwary,"{'batsman': 1, 'extras': 0, 'total': 1}",0,0.0,0,0.0,0.0,0,0,0,0,1,0,1,Kolkata Knight Riders,Delhi,2011-04-28,male,T20,0,Kolkata Knight Riders,runs,17,0,0,0,0,MK Tiwary,20,Delhi Daredevils,Kolkata Knight Riders,Delhi Daredevils,field,Feroz Shah Kotla
12.5,MK Tiwary,M Morkel,0,YK Pathan,"{'batsman': 0, 'extras': 0, 'total': 0}",0,0.0,0,0.0,0.0,0,0,0,0,0,0,0,Kolkata Knight Riders,Delhi,2011-04-28,male,T20,0,Kolkata Knight Riders,runs,17,0,0,0,0,MK Tiwary,20,Delhi Daredevils,Kolkata Knight Riders,Delhi Daredevils,field,Feroz Shah Kotla
12.6,MK Tiwary,M Morkel,0,YK Pathan,"{'batsman': 0, 'extras': 0, 'total': 0}",0,0.0,0,0.0,0.0,0,0,0,0,0,0,0,Kolkata Knight Riders,Delhi,2011-04-28,male,T20,0,Kolkata Knight Riders,runs,17,0,0,0,0,MK Tiwary,20,Delhi Daredevils,Kolkata Knight Riders,Delhi Daredevils,field,Feroz Shah Kotla
13.1,YK Pathan,JR Hopes,0,MK Tiwary,"{'batsman': 0, 'extras': 0, 'total': 0}",0,0.0,0,0.0,0.0,0,0,0,0,0,0,0,Kolkata Knight Riders,Delhi,2011-04-28,male,T20,0,Kolkata Knight Riders,runs,17,0,0,0,0,MK Tiwary,20,Delhi Daredevils,Kolkata Knight Riders,Delhi Daredevils,field,Feroz Shah Kotla
13.2,YK Pathan,JR Hopes,{'wides': 1},MK Tiwary,"{'batsman': 0, 'extras': 1, 'total': 1}",0,1.0,0,0.0,0.0,0,0,0,0,0,1,1,Kolkata Knight Riders,Delhi,2011-04-28,male,T20,0,Kolkata Knight Riders,runs,17,0,0,0,0,MK Tiwary,20,Delhi Daredevils,Kolkata Knight Riders,Delhi Daredevils,field,Feroz Shah Kotla
13.3,YK Pathan,JR Hopes,0,MK Tiwary,"{'batsman': 1, 'extras': 0, 'total': 1}",0,0.0,0,0.0,0.0,0,0,0,0,1,0,1,Kolkata Knight Riders,Delhi,2011-04-28,male,T20,0,Kolkata Knight Riders,runs,17,0,0,0,0,MK Tiwary,20,Delhi Daredevils,Kolkata Knight Riders,Delhi Daredevils,field,Feroz Shah Kotla
13.4,MK Tiwary,JR Hopes,0,YK Pathan,"{'batsman': 1, 'extras': 0, 'total': 1}",0,0.0,0,0.0,0.0,0,0,0,0,1,0,1,Kolkata Knight Riders,Delhi,2011-04-28,male,T20,0,Kolkata Knight Riders,runs,17,0,0,0,0,MK Tiwary,20,Delhi Daredevils,Kolkata Knight Riders,Delhi Daredevils,field,Feroz Shah Kotla
13.5,YK Pathan,JR Hopes,0,MK Tiwary,"{'batsman': 1, 'extras': 0, 'total': 1}",0,0.0,0,0.0,0.0,0,0,0,0,1,0,1,Kolkata Knight Riders,Delhi,2011-04-28,male,T20,0,Kolkata Knight Riders,runs,17,0,0,0,0,MK Tiwary,20,Delhi Daredevils,Kolkata Knight Riders,Delhi Daredevils,field,Feroz Shah Kotla
13.6,MK Tiwary,JR Hopes,0,YK Pathan,"{'batsman': 1, 'extras': 0, 'total': 1}",0,0.0,0,0.0,0.0,0,0,0,0,1,0,1,Kolkata Knight Riders,Delhi,2011-04-28,male,T20,0,Kolkata Knight Riders,runs,17,0,0,0,0,MK Tiwary,20,Delhi Daredevils,Kolkata Knight Riders,Delhi Daredevils,field,Feroz Shah Kotla
13.7,YK Pathan,JR Hopes,0,MK Tiwary,"{'batsman': 1, 'extras': 0, 'total': 1}",0,0.0,0,0.0,0.0,0,0,0,0,1,0,1,Kolkata Knight Riders,Delhi,2011-04-28,male,T20,0,Kolkata Knight Riders,runs,17,0,0,0,0,MK Tiwary,20,Delhi Daredevils,Kolkata Knight Riders,Delhi Daredevils,field,Feroz Shah Kotla
14.1,YK Pathan,UT Yadav,0,MK Tiwary,"{'batsman': 1, 'extras': 0, 'total': 1}",0,0.0,0,0.0,0.0,0,0,0,0,1,0,1,Kolkata Knight Riders,Delhi,2011-04-28,male,T20,0,Kolkata Knight Riders,runs,17,0,0,0,0,MK Tiwary,20,Delhi Daredevils,Kolkata Knight Riders,Delhi Daredevils,field,Feroz Shah Kotla
14.2,MK Tiwary,UT Yadav,0,YK Pathan,"{'batsman': 6, 'extras': 0, 'total': 6}",0,0.0,0,0.0,0.0,0,0,0,0,6,0,6,Kolkata Knight Riders,Delhi,2011-04-28,male,T20,0,Kolkata Knight Riders,runs,17,0,0,0,0,MK Tiwary,20,Delhi Daredevils,Kolkata Knight Riders,Delhi Daredevils,field,Feroz Shah Kotla
14.3,MK Tiwary,UT Yadav,0,YK Pathan,"{'batsman': 0, 'extras': 0, 'total': 0}",0,0.0,0,0.0,0.0,0,0,0,0,0,0,0,Kolkata Knight Riders,Delhi,2011-04-28,male,T20,0,Kolkata Knight Riders,runs,17,0,0,0,0,MK Tiwary,20,Delhi Daredevils,Kolkata Knight Riders,Delhi Daredevils,field,Feroz Shah Kotla
14.4,MK Tiwary,UT Yadav,0,YK Pathan,"{'batsman': 1, 'extras': 0, 'total': 1}",0,0.0,0,0.0,0.0,0,0,0,0,1,0,1,Kolkata Knight Riders,Delhi,2011-04-28,male,T20,0,Kolkata Knight Riders,runs,17,0,0,0,0,MK Tiwary,20,Delhi Daredevils,Kolkata Knight Riders,Delhi Daredevils,field,Feroz Shah Kotla
14.5,YK Pathan,UT Yadav,0,MK Tiwary,"{'batsman': 0, 'extras': 0, 'total': 0}","{'fielders': ['IK Pathan'], 'kind': 'caught', 'player_out': 'YK Pathan'}",0.0,0,0.0,0.0,0,caught,YK Pathan,['IK Pathan'],0,0,0,Kolkata Knight Riders,Delhi,2011-04-28,male,T20,0,Kolkata Knight Riders,runs,17,0,0,0,0,MK Tiwary,20,Delhi Daredevils,Kolkata Knight Riders,Delhi Daredevils,field,Feroz Shah Kotla
14.6,EJG Morgan,UT Yadav,0,MK Tiwary,"{'batsman': 0, 'extras': 0, 'total': 0}","{'fielders': ['NV Ojha'], 'kind': 'caught', 'player_out': 'EJG Morgan'}",0.0,0,0.0,0.0,0,caught,EJG Morgan,['NV Ojha'],0,0,0,Kolkata Knight Riders,Delhi,2011-04-28,male,T20,0,Kolkata Knight Riders,runs,17,0,0,0,0,MK Tiwary,20,Delhi Daredevils,Kolkata Knight Riders,Delhi Daredevils,field,Feroz Shah Kotla
15.1,RN ten Doeschate,IK Pathan,0,MK Tiwary,"{'batsman': 1, 'extras': 0, 'total': 1}",0,0.0,0,0.0,0.0,0,0,0,0,1,0,1,Kolkata Knight Riders,Delhi,2011-04-28,male,T20,0,Kolkata Knight Riders,runs,17,0,0,0,0,MK Tiwary,20,Delhi Daredevils,Kolkata Knight Riders,Delhi Daredevils,field,Feroz Shah Kotla
15.2,MK Tiwary,IK Pathan,0,RN ten Doeschate,"{'batsman': 1, 'extras': 0, 'total': 1}",0,0.0,0,0.0,0.0,0,0,0,0,1,0,1,Kolkata Knight Riders,Delhi,2011-04-28,male,T20,0,Kolkata Knight Riders,runs,17,0,0,0,0,MK Tiwary,20,Delhi Daredevils,Kolkata Knight Riders,Delhi Daredevils,field,Feroz Shah Kotla
15.3,RN ten Doeschate,IK Pathan,0,MK Tiwary,"{'batsman': 0, 'extras': 0, 'total': 0}",0,0.0,0,0.0,0.0,0,0,0,0,0,0,0,Kolkata Knight Riders,Delhi,2011-04-28,male,T20,0,Kolkata Knight Riders,runs,17,0,0,0,0,MK Tiwary,20,Delhi Daredevils,Kolkata Knight Riders,Delhi Daredevils,field,Feroz Shah Kotla
15.4,RN ten Doeschate,IK Pathan,0,MK Tiwary,"{'batsman': 1, 'extras': 0, 'total': 1}",0,0.0,0,0.0,0.0,0,0,0,0,1,0,1,Kolkata Knight Riders,Delhi,2011-04-28,male,T20,0,Kolkata Knight Riders,runs,17,0,0,0,0,MK Tiwary,20,Delhi Daredevils,Kolkata Knight Riders,Delhi Daredevils,field,Feroz Shah Kotla
15.5,MK Tiwary,IK Pathan,0,RN ten Doeschate,"{'batsman': 1, 'extras': 0, 'total': 1}",0,0.0,0,0.0,0.0,0,0,0,0,1,0,1,Kolkata Knight Riders,Delhi,2011-04-28,male,T20,0,Kolkata Knight Riders,runs,17,0,0,0,0,MK Tiwary,20,Delhi Daredevils,Kolkata Knight Riders,Delhi Daredevils,field,Feroz Shah Kotla
15.6,RN ten Doeschate,IK Pathan,0,MK Tiwary,"{'batsman': 0, 'extras': 0, 'total': 0}",0,0.0,0,0.0,0.0,0,0,0,0,0,0,0,Kolkata Knight Riders,Delhi,2011-04-28,male,T20,0,Kolkata Knight Riders,runs,17,0,0,0,0,MK Tiwary,20,Delhi Daredevils,Kolkata Knight Riders,Delhi Daredevils,field,Feroz Shah Kotla
16.1,MK Tiwary,UT Yadav,0,RN ten Doeschate,"{'batsman': 0, 'extras': 0, 'total': 0}",0,0.0,0,0.0,0.0,0,0,0,0,0,0,0,Kolkata Knight Riders,Delhi,2011-04-28,male,T20,0,Kolkata Knight Riders,runs,17,0,0,0,0,MK Tiwary,20,Delhi Daredevils,Kolkata Knight Riders,Delhi Daredevils,field,Feroz Shah Kotla
16.2,MK Tiwary,UT Yadav,0,RN ten Doeschate,"{'batsman': 1, 'extras': 0, 'total': 1}",0,0.0,0,0.0,0.0,0,0,0,0,1,0,1,Kolkata Knight Riders,Delhi,2011-04-28,male,T20,0,Kolkata Knight Riders,runs,17,0,0,0,0,MK Tiwary,20,Delhi Daredevils,Kolkata Knight Riders,Delhi Daredevils,field,Feroz Shah Kotla
16.3,RN ten Doeschate,UT Yadav,{'wides': 1},MK Tiwary,"{'batsman': 0, 'extras': 1, 'total': 1}",0,1.0,0,0.0,0.0,0,0,0,0,0,1,1,Kolkata Knight Riders,Delhi,2011-04-28,male,T20,0,Kolkata Knight Riders,runs,17,0,0,0,0,MK Tiwary,20,Delhi Daredevils,Kolkata Knight Riders,Delhi Daredevils,field,Feroz Shah Kotla
16.4,RN ten Doeschate,UT Yadav,0,MK Tiwary,"{'batsman': 1, 'extras': 0, 'total': 1}",0,0.0,0,0.0,0.0,0,0,0,0,1,0,1,Kolkata Knight Riders,Delhi,2011-04-28,male,T20,0,Kolkata Knight Riders,runs,17,0,0,0,0,MK Tiwary,20,Delhi Daredevils,Kolkata Knight Riders,Delhi Daredevils,field,Feroz Shah Kotla
16.5,MK Tiwary,UT Yadav,0,RN ten Doeschate,"{'batsman': 2, 'extras': 0, 'total': 2}",0,0.0,0,0.0,0.0,0,0,0,0,2,0,2,Kolkata Knight Riders,Delhi,2011-04-28,male,T20,0,Kolkata Knight Riders,runs,17,0,0,0,0,MK Tiwary,20,Delhi Daredevils,Kolkata Knight Riders,Delhi Daredevils,field,Feroz Shah Kotla
16.6,MK Tiwary,UT Yadav,0,RN ten Doeschate,"{'batsman': 2, 'extras': 0, 'total': 2}",0,0.0,0,0.0,0.0,0,0,0,0,2,0,2,Kolkata Knight Riders,Delhi,2011-04-28,male,T20,0,Kolkata Knight Riders,runs,17,0,0,0,0,MK Tiwary,20,Delhi Daredevils,Kolkata Knight Riders,Delhi Daredevils,field,Feroz Shah Kotla
16.7,MK Tiwary,UT Yadav,0,RN ten Doeschate,"{'batsman': 1, 'extras': 0, 'total': 1}",0,0.0,0,0.0,0.0,0,0,0,0,1,0,1,Kolkata Knight Riders,Delhi,2011-04-28,male,T20,0,Kolkata Knight Riders,runs,17,0,0,0,0,MK Tiwary,20,Delhi Daredevils,Kolkata Knight Riders,Delhi Daredevils,field,Feroz Shah Kotla
17.1,MK Tiwary,JR Hopes,{'wides': 1},RN ten Doeschate,"{'batsman': 0, 'extras': 1, 'total': 1}",0,1.0,0,0.0,0.0,0,0,0,0,0,1,1,Kolkata Knight Riders,Delhi,2011-04-28,male,T20,0,Kolkata Knight Riders,runs,17,0,0,0,0,MK Tiwary,20,Delhi Daredevils,Kolkata Knight Riders,Delhi Daredevils,field,Feroz Shah Kotla
17.2,MK Tiwary,JR Hopes,0,RN ten Doeschate,"{'batsman': 2, 'extras': 0, 'total': 2}",0,0.0,0,0.0,0.0,0,0,0,0,2,0,2,Kolkata Knight Riders,Delhi,2011-04-28,male,T20,0,Kolkata Knight Riders,runs,17,0,0,0,0,MK Tiwary,20,Delhi Daredevils,Kolkata Knight Riders,Delhi Daredevils,field,Feroz Shah Kotla
17.3,MK Tiwary,JR Hopes,0,RN ten Doeschate,"{'batsman': 1, 'extras': 0, 'total': 1}",0,0.0,0,0.0,0.0,0,0,0,0,1,0,1,Kolkata Knight Riders,Delhi,2011-04-28,male,T20,0,Kolkata Knight Riders,runs,17,0,0,0,0,MK Tiwary,20,Delhi Daredevils,Kolkata Knight Riders,Delhi Daredevils,field,Feroz Shah Kotla
17.4,RN ten Doeschate,JR Hopes,{'legbyes': 1},MK Tiwary,"{'batsman': 0, 'extras': 1, 'total': 1}",0,0.0,0,1.0,0.0,0,0,0,0,0,1,1,Kolkata Knight Riders,Delhi,2011-04-28,male,T20,0,Kolkata Knight Riders,runs,17,0,0,0,0,MK Tiwary,20,Delhi Daredevils,Kolkata Knight Riders,Delhi Daredevils,field,Feroz Shah Kotla
17.5,MK Tiwary,JR Hopes,0,RN ten Doeschate,"{'batsman': 1, 'extras': 0, 'total': 1}",0,0.0,0,0.0,0.0,0,0,0,0,1,0,1,Kolkata Knight Riders,Delhi,2011-04-28,male,T20,0,Kolkata Knight Riders,runs,17,0,0,0,0,MK Tiwary,20,Delhi Daredevils,Kolkata Knight Riders,Delhi Daredevils,field,Feroz Shah Kotla
17.6,RN ten Doeschate,JR Hopes,0,MK Tiwary,"{'batsman': 4, 'extras': 0, 'total': 4}",0,0.0,0,0.0,0.0,0,0,0,0,4,0,4,Kolkata Knight Riders,Delhi,2011-04-28,male,T20,0,Kolkata Knight Riders,runs,17,0,0,0,0,MK Tiwary,20,Delhi Daredevils,Kolkata Knight Riders,Delhi Daredevils,field,Feroz Shah Kotla
17.7,RN ten Doeschate,JR Hopes,0,MK Tiwary,"{'batsman': 1, 'extras': 0, 'total': 1}",0,0.0,0,0.0,0.0,0,0,0,0,1,0,1,Kolkata Knight Riders,Delhi,2011-04-28,male,T20,0,Kolkata Knight Riders,runs,17,0,0,0,0,MK Tiwary,20,Delhi Daredevils,Kolkata Knight Riders,Delhi Daredevils,field,Feroz Shah Kotla
18.1,RN ten Doeschate,M Morkel,0,MK Tiwary,"{'batsman': 1, 'extras': 0, 'total': 1}",0,0.0,0,0.0,0.0,0,0,0,0,1,0,1,Kolkata Knight Riders,Delhi,2011-04-28,male,T20,0,Kolkata Knight Riders,runs,17,0,0,0,0,MK Tiwary,20,Delhi Daredevils,Kolkata Knight Riders,Delhi Daredevils,field,Feroz Shah Kotla
18.2,MK Tiwary,M Morkel,0,RN ten Doeschate,"{'batsman': 0, 'extras': 0, 'total': 0}",0,0.0,0,0.0,0.0,0,0,0,0,0,0,0,Kolkata Knight Riders,Delhi,2011-04-28,male,T20,0,Kolkata Knight Riders,runs,17,0,0,0,0,MK Tiwary,20,Delhi Daredevils,Kolkata Knight Riders,Delhi Daredevils,field,Feroz Shah Kotla
18.3,MK Tiwary,M Morkel,0,RN ten Doeschate,"{'batsman': 1, 'extras': 0, 'total': 1}",0,0.0,0,0.0,0.0,0,0,0,0,1,0,1,Kolkata Knight Riders,Delhi,2011-04-28,male,T20,0,Kolkata Knight Riders,runs,17,0,0,0,0,MK Tiwary,20,Delhi Daredevils,Kolkata Knight Riders,Delhi Daredevils,field,Feroz Shah Kotla
18.4,RN ten Doeschate,M Morkel,0,MK Tiwary,"{'batsman': 6, 'extras': 0, 'total': 6}",0,0.0,0,0.0,0.0,0,0,0,0,6,0,6,Kolkata Knight Riders,Delhi,2011-04-28,male,T20,0,Kolkata Knight Riders,runs,17,0,0,0,0,MK Tiwary,20,Delhi Daredevils,Kolkata Knight Riders,Delhi Daredevils,field,Feroz Shah Kotla
18.5,RN ten Doeschate,M Morkel,0,MK Tiwary,"{'batsman': 4, 'extras': 0, 'total': 4}",0,0.0,0,0.0,0.0,0,0,0,0,4,0,4,Kolkata Knight Riders,Delhi,2011-04-28,male,T20,0,Kolkata Knight Riders,runs,17,0,0,0,0,MK Tiwary,20,Delhi Daredevils,Kolkata Knight Riders,Delhi Daredevils,field,Feroz Shah Kotla
18.6,RN ten Doeschate,M Morkel,0,MK Tiwary,"{'batsman': 0, 'extras': 0, 'total': 0}","{'fielders': ['IK Pathan'], 'kind': 'caught', 'player_out': 'RN ten Doeschate'}",0.0,0,0.0,0.0,0,caught,RN ten Doeschate,['IK Pathan'],0,0,0,Kolkata Knight Riders,Delhi,2011-04-28,male,T20,0,Kolkata Knight Riders,runs,17,0,0,0,0,MK Tiwary,20,Delhi Daredevils,Kolkata Knight Riders,Delhi Daredevils,field,Feroz Shah Kotla
19.1,MK Tiwary,AB Agarkar,0,B Lee,"{'batsman': 1, 'extras': 0, 'total': 1}",0,0.0,0,0.0,0.0,0,0,0,0,1,0,1,Kolkata Knight Riders,Delhi,2011-04-28,male,T20,0,Kolkata Knight Riders,runs,17,0,0,0,0,MK Tiwary,20,Delhi Daredevils,Kolkata Knight Riders,Delhi Daredevils,field,Feroz Shah Kotla
19.2,B Lee,AB Agarkar,0,MK Tiwary,"{'batsman': 1, 'extras': 0, 'total': 1}",0,0.0,0,0.0,0.0,0,0,0,0,1,0,1,Kolkata Knight Riders,Delhi,2011-04-28,male,T20,0,Kolkata Knight Riders,runs,17,0,0,0,0,MK Tiwary,20,Delhi Daredevils,Kolkata Knight Riders,Delhi Daredevils,field,Feroz Shah Kotla
19.3,MK Tiwary,AB Agarkar,0,B Lee,"{'batsman': 0, 'extras': 0, 'total': 0}",0,0.0,0,0.0,0.0,0,0,0,0,0,0,0,Kolkata Knight Riders,Delhi,2011-04-28,male,T20,0,Kolkata Knight Riders,runs,17,0,0,0,0,MK Tiwary,20,Delhi Daredevils,Kolkata Knight Riders,Delhi Daredevils,field,Feroz Shah Kotla
19.4,MK Tiwary,AB Agarkar,0,B Lee,"{'batsman': 2, 'extras': 0, 'total': 2}",0,0.0,0,0.0,0.0,0,0,0,0,2,0,2,Kolkata Knight Riders,Delhi,2011-04-28,male,T20,0,Kolkata Knight Riders,runs,17,0,0,0,0,MK Tiwary,20,Delhi Daredevils,Kolkata Knight Riders,Delhi Daredevils,field,Feroz Shah Kotla
19.5,MK Tiwary,AB Agarkar,0,B Lee,"{'batsman': 1, 'extras': 0, 'total': 1}","{'fielders': ['Y Nagar', 'NV Ojha'], 'kind': 'run out', 'player_out': 'B Lee'}",0.0,0,0.0,0.0,0,run out,B Lee,"['Y Nagar', 'NV Ojha']",1,0,1,Kolkata Knight Riders,Delhi,2011-04-28,male,T20,0,Kolkata Knight Riders,runs,17,0,0,0,0,MK Tiwary,20,Delhi Daredevils,Kolkata Knight Riders,Delhi Daredevils,field,Feroz Shah Kotla
19.6,L Balaji,AB Agarkar,0,MK Tiwary,"{'batsman': 3, 'extras': 0, 'total': 3}",0,0.0,0,0.0,0.0,0,0,0,0,3,0,3,Kolkata Knight Riders,Delhi,2011-04-28,male,T20,0,Kolkata Knight Riders,runs,17,0,0,0,0,MK Tiwary,20,Delhi Daredevils,Kolkata Knight Riders,Delhi Daredevils,field,Feroz Shah Kotla
0.1,DA Warner,B Lee,{'wides': 1},V Sehwag,"{'batsman': 0, 'extras': 1, 'total': 1}",0,1.0,0,0.0,0.0,0,0,0,0,0,1,1,Delhi Daredevils,Delhi,2011-04-28,male,T20,0,Kolkata Knight Riders,runs,17,0,0,0,0,MK Tiwary,20,Delhi Daredevils,Kolkata Knight Riders,Delhi Daredevils,field,Feroz Shah Kotla
0.2,DA Warner,B Lee,0,V Sehwag,"{'batsman': 1, 'extras': 0, 'total': 1}",0,0.0,0,0.0,0.0,0,0,0,0,1,0,1,Delhi Daredevils,Delhi,2011-04-28,male,T20,0,Kolkata Knight Riders,runs,17,0,0,0,0,MK Tiwary,20,Delhi Daredevils,Kolkata Knight Riders,Delhi Daredevils,field,Feroz Shah Kotla
0.3,V Sehwag,B Lee,0,DA Warner,"{'batsman': 4, 'extras': 0, 'total': 4}",0,0.0,0,0.0,0.0,0,0,0,0,4,0,4,Delhi Daredevils,Delhi,2011-04-28,male,T20,0,Kolkata Knight Riders,runs,17,0,0,0,0,MK Tiwary,20,Delhi Daredevils,Kolkata Knight Riders,Delhi Daredevils,field,Feroz Shah Kotla
0.4,V Sehwag,B Lee,0,DA Warner,"{'batsman': 1, 'extras': 0, 'total': 1}",0,0.0,0,0.0,0.0,0,0,0,0,1,0,1,Delhi Daredevils,Delhi,2011-04-28,male,T20,0,Kolkata Knight Riders,runs,17,0,0,0,0,MK Tiwary,20,Delhi Daredevils,Kolkata Knight Riders,Delhi Daredevils,field,Feroz Shah Kotla
0.5,DA Warner,B Lee,0,V Sehwag,"{'batsman': 0, 'extras': 0, 'total': 0}",0,0.0,0,0.0,0.0,0,0,0,0,0,0,0,Delhi Daredevils,Delhi,2011-04-28,male,T20,0,Kolkata Knight Riders,runs,17,0,0,0,0,MK Tiwary,20,Delhi Daredevils,Kolkata Knight Riders,Delhi Daredevils,field,Feroz Shah Kotla
0.6,DA Warner,B Lee,0,V Sehwag,"{'batsman': 0, 'extras': 0, 'total': 0}",0,0.0,0,0.0,0.0,0,0,0,0,0,0,0,Delhi Daredevils,Delhi,2011-04-28,male,T20,0,Kolkata Knight Riders,runs,17,0,0,0,0,MK Tiwary,20,Delhi Daredevils,Kolkata Knight Riders,Delhi Daredevils,field,Feroz Shah Kotla
0.7,DA Warner,B Lee,0,V Sehwag,"{'batsman': 0, 'extras': 0, 'total': 0}",0,0.0,0,0.0,0.0,0,0,0,0,0,0,0,Delhi Daredevils,Delhi,2011-04-28,male,T20,0,Kolkata Knight Riders,runs,17,0,0,0,0,MK Tiwary,20,Delhi Daredevils,Kolkata Knight Riders,Delhi Daredevils,field,Feroz Shah Kotla
1.1,V Sehwag,L Balaji,0,DA Warner,"{'batsman': 0, 'extras': 0, 'total': 0}",0,0.0,0,0.0,0.0,0,0,0,0,0,0,0,Delhi Daredevils,Delhi,2011-04-28,male,T20,0,Kolkata Knight Riders,runs,17,0,0,0,0,MK Tiwary,20,Delhi Daredevils,Kolkata Knight Riders,Delhi Daredevils,field,Feroz Shah Kotla
1.2,V Sehwag,L Balaji,0,DA Warner,"{'batsman': 4, 'extras': 0, 'total': 4}",0,0.0,0,0.0,0.0,0,0,0,0,4,0,4,Delhi Daredevils,Delhi,2011-04-28,male,T20,0,Kolkata Knight Riders,runs,17,0,0,0,0,MK Tiwary,20,Delhi Daredevils,Kolkata Knight Riders,Delhi Daredevils,field,Feroz Shah Kotla
1.3,V Sehwag,L Balaji,0,DA Warner,"{'batsman': 1, 'extras': 0, 'total': 1}",0,0.0,0,0.0,0.0,0,0,0,0,1,0,1,Delhi Daredevils,Delhi,2011-04-28,male,T20,0,Kolkata Knight Riders,runs,17,0,0,0,0,MK Tiwary,20,Delhi Daredevils,Kolkata Knight Riders,Delhi Daredevils,field,Feroz Shah Kotla
1.4,DA Warner,L Balaji,0,V Sehwag,"{'batsman': 1, 'extras': 0, 'total': 1}",0,0.0,0,0.0,0.0,0,0,0,0,1,0,1,Delhi Daredevils,Delhi,2011-04-28,male,T20,0,Kolkata Knight Riders,runs,17,0,0,0,0,MK Tiwary,20,Delhi Daredevils,Kolkata Knight Riders,Delhi Daredevils,field,Feroz Shah Kotla
1.5,V Sehwag,L Balaji,0,DA Warner,"{'batsman': 1, 'extras': 0, 'total': 1}",0,0.0,0,0.0,0.0,0,0,0,0,1,0,1,Delhi Daredevils,Delhi,2011-04-28,male,T20,0,Kolkata Knight Riders,runs,17,0,0,0,0,MK Tiwary,20,Delhi Daredevils,Kolkata Knight Riders,Delhi Daredevils,field,Feroz Shah Kotla
1.6,DA Warner,L Balaji,0,V Sehwag,"{'batsman': 0, 'extras': 0, 'total': 0}","{'kind': 'bowled', 'player_out': 'DA Warner'}",0.0,0,0.0,0.0,0,bowled,DA Warner,0,0,0,0,Delhi Daredevils,Delhi,2011-04-28,male,T20,0,Kolkata Knight Riders,runs,17,0,0,0,0,MK Tiwary,20,Delhi Daredevils,Kolkata Knight Riders,Delhi Daredevils,field,Feroz Shah Kotla
2.1,V Sehwag,B Lee,0,JR Hopes,"{'batsman': 0, 'extras': 0, 'total': 0}",0,0.0,0,0.0,0.0,0,0,0,0,0,0,0,Delhi Daredevils,Delhi,2011-04-28,male,T20,0,Kolkata Knight Riders,runs,17,0,0,0,0,MK Tiwary,20,Delhi Daredevils,Kolkata Knight Riders,Delhi Daredevils,field,Feroz Shah Kotla
2.2,V Sehwag,B Lee,0,JR Hopes,"{'batsman': 0, 'extras': 0, 'total': 0}",0,0.0,0,0.0,0.0,0,0,0,0,0,0,0,Delhi Daredevils,Delhi,2011-04-28,male,T20,0,Kolkata Knight Riders,runs,17,0,0,0,0,MK Tiwary,20,Delhi Daredevils,Kolkata Knight Riders,Delhi Daredevils,field,Feroz Shah Kotla
2.3,V Sehwag,B Lee,0,JR Hopes,"{'batsman': 0, 'extras': 0, 'total': 0}",0,0.0,0,0.0,0.0,0,0,0,0,0,0,0,Delhi Daredevils,Delhi,2011-04-28,male,T20,0,Kolkata Knight Riders,runs,17,0,0,0,0,MK Tiwary,20,Delhi Daredevils,Kolkata Knight Riders,Delhi Daredevils,field,Feroz Shah Kotla
2.4,V Sehwag,B Lee,0,JR Hopes,"{'batsman': 1, 'extras': 0, 'total': 1}",0,0.0,0,0.0,0.0,0,0,0,0,1,0,1,Delhi Daredevils,Delhi,2011-04-28,male,T20,0,Kolkata Knight Riders,runs,17,0,0,0,0,MK Tiwary,20,Delhi Daredevils,Kolkata Knight Riders,Delhi Daredevils,field,Feroz Shah Kotla
2.5,JR Hopes,B Lee,0,V Sehwag,"{'batsman': 0, 'extras': 0, 'total': 0}",0,0.0,0,0.0,0.0,0,0,0,0,0,0,0,Delhi Daredevils,Delhi,2011-04-28,male,T20,0,Kolkata Knight Riders,runs,17,0,0,0,0,MK Tiwary,20,Delhi Daredevils,Kolkata Knight Riders,Delhi Daredevils,field,Feroz Shah Kotla
2.6,JR Hopes,B Lee,0,V Sehwag,"{'batsman': 1, 'extras': 0, 'total': 1}",0,0.0,0,0.0,0.0,0,0,0,0,1,0,1,Delhi Daredevils,Delhi,2011-04-28,male,T20,0,Kolkata Knight Riders,runs,17,0,0,0,0,MK Tiwary,20,Delhi Daredevils,Kolkata Knight Riders,Delhi Daredevils,field,Feroz Shah Kotla
3.1,JR Hopes,L Balaji,0,V Sehwag,"{'batsman': 1, 'extras': 0, 'total': 1}",0,0.0,0,0.0,0.0,0,0,0,0,1,0,1,Delhi Daredevils,Delhi,2011-04-28,male,T20,0,Kolkata Knight Riders,runs,17,0,0,0,0,MK Tiwary,20,Delhi Daredevils,Kolkata Knight Riders,Delhi Daredevils,field,Feroz Shah Kotla
3.2,V Sehwag,L Balaji,0,JR Hopes,"{'batsman': 6, 'extras': 0, 'total': 6}",0,0.0,0,0.0,0.0,0,0,0,0,6,0,6,Delhi Daredevils,Delhi,2011-04-28,male,T20,0,Kolkata Knight Riders,runs,17,0,0,0,0,MK Tiwary,20,Delhi Daredevils,Kolkata Knight Riders,Delhi Daredevils,field,Feroz Shah Kotla
3.3,V Sehwag,L Balaji,0,JR Hopes,"{'batsman': 4, 'extras': 0, 'total': 4}",0,0.0,0,0.0,0.0,0,0,0,0,4,0,4,Delhi Daredevils,Delhi,2011-04-28,male,T20,0,Kolkata Knight Riders,runs,17,0,0,0,0,MK Tiwary,20,Delhi Daredevils,Kolkata Knight Riders,Delhi Daredevils,field,Feroz Shah Kotla
3.4,V Sehwag,L Balaji,0,JR Hopes,"{'batsman': 0, 'extras': 0, 'total': 0}",0,0.0,0,0.0,0.0,0,0,0,0,0,0,0,Delhi Daredevils,Delhi,2011-04-28,male,T20,0,Kolkata Knight Riders,runs,17,0,0,0,0,MK Tiwary,20,Delhi Daredevils,Kolkata Knight Riders,Delhi Daredevils,field,Feroz Shah Kotla
3.5,V Sehwag,L Balaji,0,JR Hopes,"{'batsman': 0, 'extras': 0, 'total': 0}",0,0.0,0,0.0,0.0,0,0,0,0,0,0,0,Delhi Daredevils,Delhi,2011-04-28,male,T20,0,Kolkata Knight Riders,runs,17,0,0,0,0,MK Tiwary,20,Delhi Daredevils,Kolkata Knight Riders,Delhi Daredevils,field,Feroz Shah Kotla
3.6,V Sehwag,L Balaji,0,JR Hopes,"{'batsman': 1, 'extras': 0, 'total': 1}",0,0.0,0,0.0,0.0,0,0,0,0,1,0,1,Delhi Daredevils,Delhi,2011-04-28,male,T20,0,Kolkata Knight Riders,runs,17,0,0,0,0,MK Tiwary,20,Delhi Daredevils,Kolkata Knight Riders,Delhi Daredevils,field,Feroz Shah Kotla
4.1,V Sehwag,JD Unadkat,0,JR Hopes,"{'batsman': 1, 'extras': 0, 'total': 1}",0,0.0,0,0.0,0.0,0,0,0,0,1,0,1,Delhi Daredevils,Delhi,2011-04-28,male,T20,0,Kolkata Knight Riders,runs,17,0,0,0,0,MK Tiwary,20,Delhi Daredevils,Kolkata Knight Riders,Delhi Daredevils,field,Feroz Shah Kotla
4.2,JR Hopes,JD Unadkat,0,V Sehwag,"{'batsman': 0, 'extras': 0, 'total': 0}",0,0.0,0,0.0,0.0,0,0,0,0,0,0,0,Delhi Daredevils,Delhi,2011-04-28,male,T20,0,Kolkata Knight Riders,runs,17,0,0,0,0,MK Tiwary,20,Delhi Daredevils,Kolkata Knight Riders,Delhi Daredevils,field,Feroz Shah Kotla
4.3,JR Hopes,JD Unadkat,0,V Sehwag,"{'batsman': 0, 'extras': 0, 'total': 0}",0,0.0,0,0.0,0.0,0,0,0,0,0,0,0,Delhi Daredevils,Delhi,2011-04-28,male,T20,0,Kolkata Knight Riders,runs,17,0,0,0,0,MK Tiwary,20,Delhi Daredevils,Kolkata Knight Riders,Delhi Daredevils,field,Feroz Shah Kotla
4.4,JR Hopes,JD Unadkat,0,V Sehwag,"{'batsman': 0, 'extras': 0, 'total': 0}",0,0.0,0,0.0,0.0,0,0,0,0,0,0,0,Delhi Daredevils,Delhi,2011-04-28,male,T20,0,Kolkata Knight Riders,runs,17,0,0,0,0,MK Tiwary,20,Delhi Daredevils,Kolkata Knight Riders,Delhi Daredevils,field,Feroz Shah Kotla
4.5,JR Hopes,JD Unadkat,0,V Sehwag,"{'batsman': 1, 'extras': 0, 'total': 1}",0,0.0,0,0.0,0.0,0,0,0,0,1,0,1,Delhi Daredevils,Delhi,2011-04-28,male,T20,0,Kolkata Knight Riders,runs,17,0,0,0,0,MK Tiwary,20,Delhi Daredevils,Kolkata Knight Riders,Delhi Daredevils,field,Feroz Shah Kotla
4.6,V Sehwag,JD Unadkat,0,JR Hopes,"{'batsman': 4, 'extras': 0, 'total': 4}",0,0.0,0,0.0,0.0,0,0,0,0,4,0,4,Delhi Daredevils,Delhi,2011-04-28,male,T20,0,Kolkata Knight Riders,runs,17,0,0,0,0,MK Tiwary,20,Delhi Daredevils,Kolkata Knight Riders,Delhi Daredevils,field,Feroz Shah Kotla
5.1,JR Hopes,Iqbal Abdulla,{'wides': 1},V Sehwag,"{'batsman': 0, 'extras': 1, 'total': 1}",0,1.0,0,0.0,0.0,0,0,0,0,0,1,1,Delhi Daredevils,Delhi,2011-04-28,male,T20,0,Kolkata Knight Riders,runs,17,0,0,0,0,MK Tiwary,20,Delhi Daredevils,Kolkata Knight Riders,Delhi Daredevils,field,Feroz Shah Kotla
5.2,JR Hopes,Iqbal Abdulla,0,V Sehwag,"{'batsman': 0, 'extras': 0, 'total': 0}",0,0.0,0,0.0,0.0,0,0,0,0,0,0,0,Delhi Daredevils,Delhi,2011-04-28,male,T20,0,Kolkata Knight Riders,runs,17,0,0,0,0,MK Tiwary,20,Delhi Daredevils,Kolkata Knight Riders,Delhi Daredevils,field,Feroz Shah Kotla
5.3,JR Hopes,Iqbal Abdulla,0,V Sehwag,"{'batsman': 0, 'extras': 0, 'total': 0}",0,0.0,0,0.0,0.0,0,0,0,0,0,0,0,Delhi Daredevils,Delhi,2011-04-28,male,T20,0,Kolkata Knight Riders,runs,17,0,0,0,0,MK Tiwary,20,Delhi Daredevils,Kolkata Knight Riders,Delhi Daredevils,field,Feroz Shah Kotla
5.4,JR Hopes,Iqbal Abdulla,0,V Sehwag,"{'batsman': 1, 'extras': 0, 'total': 1}",0,0.0,0,0.0,0.0,0,0,0,0,1,0,1,Delhi Daredevils,Delhi,2011-04-28,male,T20,0,Kolkata Knight Riders,runs,17,0,0,0,0,MK Tiwary,20,Delhi Daredevils,Kolkata Knight Riders,Delhi Daredevils,field,Feroz Shah Kotla
5.5,V Sehwag,Iqbal Abdulla,0,JR Hopes,"{'batsman': 0, 'extras': 0, 'total': 0}",0,0.0,0,0.0,0.0,0,0,0,0,0,0,0,Delhi Daredevils,Delhi,2011-04-28,male,T20,0,Kolkata Knight Riders,runs,17,0,0,0,0,MK Tiwary,20,Delhi Daredevils,Kolkata Knight Riders,Delhi Daredevils,field,Feroz Shah Kotla
5.6,V Sehwag,Iqbal Abdulla,0,JR Hopes,"{'batsman': 4, 'extras': 0, 'total': 4}",0,0.0,0,0.0,0.0,0,0,0,0,4,0,4,Delhi Daredevils,Delhi,2011-04-28,male,T20,0,Kolkata Knight Riders,runs,17,0,0,0,0,MK Tiwary,20,Delhi Daredevils,Kolkata Knight Riders,Delhi Daredevils,field,Feroz Shah Kotla
5.7,V Sehwag,Iqbal Abdulla,0,JR Hopes,"{'batsman': 1, 'extras': 0, 'total': 1}",0,0.0,0,0.0,0.0,0,0,0,0,1,0,1,Delhi Daredevils,Delhi,2011-04-28,male,T20,0,Kolkata Knight Riders,runs,17,0,0,0,0,MK Tiwary,20,Delhi Daredevils,Kolkata Knight Riders,Delhi Daredevils,field,Feroz Shah Kotla
6.1,V Sehwag,JD Unadkat,0,JR Hopes,"{'batsman': 1, 'extras': 0, 'total': 1}",0,0.0,0,0.0,0.0,0,0,0,0,1,0,1,Delhi Daredevils,Delhi,2011-04-28,male,T20,0,Kolkata Knight Riders,runs,17,0,0,0,0,MK Tiwary,20,Delhi Daredevils,Kolkata Knight Riders,Delhi Daredevils,field,Feroz Shah Kotla
6.2,JR Hopes,JD Unadkat,0,V Sehwag,"{'batsman': 1, 'extras': 0, 'total': 1}",0,0.0,0,0.0,0.0,0,0,0,0,1,0,1,Delhi Daredevils,Delhi,2011-04-28,male,T20,0,Kolkata Knight Riders,runs,17,0,0,0,0,MK Tiwary,20,Delhi Daredevils,Kolkata Knight Riders,Delhi Daredevils,field,Feroz Shah Kotla
6.3,V Sehwag,JD Unadkat,0,JR Hopes,"{'batsman': 0, 'extras': 0, 'total': 0}",0,0.0,0,0.0,0.0,0,0,0,0,0,0,0,Delhi Daredevils,Delhi,2011-04-28,male,T20,0,Kolkata Knight Riders,runs,17,0,0,0,0,MK Tiwary,20,Delhi Daredevils,Kolkata Knight Riders,Delhi Daredevils,field,Feroz Shah Kotla
6.4,V Sehwag,JD Unadkat,0,JR Hopes,"{'batsman': 0, 'extras': 0, 'total': 0}","{'fielders': ['L Balaji'], 'kind': 'caught', 'player_out': 'V Sehwag'}",0.0,0,0.0,0.0,0,caught,V Sehwag,['L Balaji'],0,0,0,Delhi Daredevils,Delhi,2011-04-28,male,T20,0,Kolkata Knight Riders,runs,17,0,0,0,0,MK Tiwary,20,Delhi Daredevils,Kolkata Knight Riders,Delhi Daredevils,field,Feroz Shah Kotla
6.5,IK Pathan,JD Unadkat,0,JR Hopes,"{'batsman': 0, 'extras': 0, 'total': 0}",0,0.0,0,0.0,0.0,0,0,0,0,0,0,0,Delhi Daredevils,Delhi,2011-04-28,male,T20,0,Kolkata Knight Riders,runs,17,0,0,0,0,MK Tiwary,20,Delhi Daredevils,Kolkata Knight Riders,Delhi Daredevils,field,Feroz Shah Kotla
6.6,IK Pathan,JD Unadkat,0,JR Hopes,"{'batsman': 1, 'extras': 0, 'total': 1}",0,0.0,0,0.0,0.0,0,0,0,0,1,0,1,Delhi Daredevils,Delhi,2011-04-28,male,T20,0,Kolkata Knight Riders,runs,17,0,0,0,0,MK Tiwary,20,Delhi Daredevils,Kolkata Knight Riders,Delhi Daredevils,field,Feroz Shah Kotla
7.1,IK Pathan,JH Kallis,0,JR Hopes,"{'batsman': 1, 'extras': 0, 'total': 1}",0,0.0,0,0.0,0.0,0,0,0,0,1,0,1,Delhi Daredevils,Delhi,2011-04-28,male,T20,0,Kolkata Knight Riders,runs,17,0,0,0,0,MK Tiwary,20,Delhi Daredevils,Kolkata Knight Riders,Delhi Daredevils,field,Feroz Shah Kotla
7.2,JR Hopes,JH Kallis,0,IK Pathan,"{'batsman': 0, 'extras': 0, 'total': 0}",0,0.0,0,0.0,0.0,0,0,0,0,0,0,0,Delhi Daredevils,Delhi,2011-04-28,male,T20,0,Kolkata Knight Riders,runs,17,0,0,0,0,MK Tiwary,20,Delhi Daredevils,Kolkata Knight Riders,Delhi Daredevils,field,Feroz Shah Kotla
7.3,JR Hopes,JH Kallis,0,IK Pathan,"{'batsman': 0, 'extras': 0, 'total': 0}",0,0.0,0,0.0,0.0,0,0,0,0,0,0,0,Delhi Daredevils,Delhi,2011-04-28,male,T20,0,Kolkata Knight Riders,runs,17,0,0,0,0,MK Tiwary,20,Delhi Daredevils,Kolkata Knight Riders,Delhi Daredevils,field,Feroz Shah Kotla
7.4,JR Hopes,JH Kallis,0,IK Pathan,"{'batsman': 1, 'extras': 0, 'total': 1}",0,0.0,0,0.0,0.0,0,0,0,0,1,0,1,Delhi Daredevils,Delhi,2011-04-28,male,T20,0,Kolkata Knight Riders,runs,17,0,0,0,0,MK Tiwary,20,Delhi Daredevils,Kolkata Knight Riders,Delhi Daredevils,field,Feroz Shah Kotla
7.5,IK Pathan,JH Kallis,0,JR Hopes,"{'batsman': 1, 'extras': 0, 'total': 1}",0,0.0,0,0.0,0.0,0,0,0,0,1,0,1,Delhi Daredevils,Delhi,2011-04-28,male,T20,0,Kolkata Knight Riders,runs,17,0,0,0,0,MK Tiwary,20,Delhi Daredevils,Kolkata Knight Riders,Delhi Daredevils,field,Feroz Shah Kotla
7.6,JR Hopes,JH Kallis,0,IK Pathan,"{'batsman': 1, 'extras': 0, 'total': 1}",0,0.0,0,0.0,0.0,0,0,0,0,1,0,1,Delhi Daredevils,Delhi,2011-04-28,male,T20,0,Kolkata Knight Riders,runs,17,0,0,0,0,MK Tiwary,20,Delhi Daredevils,Kolkata Knight Riders,Delhi Daredevils,field,Feroz Shah Kotla
8.1,JR Hopes,JD Unadkat,0,IK Pathan,"{'batsman': 0, 'extras': 0, 'total': 0}",0,0.0,0,0.0,0.0,0,0,0,0,0,0,0,Delhi Daredevils,Delhi,2011-04-28,male,T20,0,Kolkata Knight Riders,runs,17,0,0,0,0,MK Tiwary,20,Delhi Daredevils,Kolkata Knight Riders,Delhi Daredevils,field,Feroz Shah Kotla
8.2,JR Hopes,JD Unadkat,0,IK Pathan,"{'batsman': 4, 'extras': 0, 'total': 4}",0,0.0,0,0.0,0.0,0,0,0,0,4,0,4,Delhi Daredevils,Delhi,2011-04-28,male,T20,0,Kolkata Knight Riders,runs,17,0,0,0,0,MK Tiwary,20,Delhi Daredevils,Kolkata Knight Riders,Delhi Daredevils,field,Feroz Shah Kotla
8.3,JR Hopes,JD Unadkat,0,IK Pathan,"{'batsman': 1, 'extras': 0, 'total': 1}",0,0.0,0,0.0,0.0,0,0,0,0,1,0,1,Delhi Daredevils,Delhi,2011-04-28,male,T20,0,Kolkata Knight Riders,runs,17,0,0,0,0,MK Tiwary,20,Delhi Daredevils,Kolkata Knight Riders,Delhi Daredevils,field,Feroz Shah Kotla
8.4,IK Pathan,JD Unadkat,0,JR Hopes,"{'batsman': 0, 'extras': 0, 'total': 0}",0,0.0,0,0.0,0.0,0,0,0,0,0,0,0,Delhi Daredevils,Delhi,2011-04-28,male,T20,0,Kolkata Knight Riders,runs,17,0,0,0,0,MK Tiwary,20,Delhi Daredevils,Kolkata Knight Riders,Delhi Daredevils,field,Feroz Shah Kotla
8.5,IK Pathan,JD Unadkat,0,JR Hopes,"{'batsman': 0, 'extras': 0, 'total': 0}",0,0.0,0,0.0,0.0,0,0,0,0,0,0,0,Delhi Daredevils,Delhi,2011-04-28,male,T20,0,Kolkata Knight Riders,runs,17,0,0,0,0,MK Tiwary,20,Delhi Daredevils,Kolkata Knight Riders,Delhi Daredevils,field,Feroz Shah Kotla
8.6,IK Pathan,JD Unadkat,0,JR Hopes,"{'batsman': 0, 'extras': 0, 'total': 0}",0,0.0,0,0.0,0.0,0,0,0,0,0,0,0,Delhi Daredevils,Delhi,2011-04-28,male,T20,0,Kolkata Knight Riders,runs,17,0,0,0,0,MK Tiwary,20,Delhi Daredevils,Kolkata Knight Riders,Delhi Daredevils,field,Feroz Shah Kotla
9.1,JR Hopes,JH Kallis,0,IK Pathan,"{'batsman': 0, 'extras': 0, 'total': 0}",0,0.0,0,0.0,0.0,0,0,0,0,0,0,0,Delhi Daredevils,Delhi,2011-04-28,male,T20,0,Kolkata Knight Riders,runs,17,0,0,0,0,MK Tiwary,20,Delhi Daredevils,Kolkata Knight Riders,Delhi Daredevils,field,Feroz Shah Kotla
9.2,JR Hopes,JH Kallis,0,IK Pathan,"{'batsman': 1, 'extras': 0, 'total': 1}",0,0.0,0,0.0,0.0,0,0,0,0,1,0,1,Delhi Daredevils,Delhi,2011-04-28,male,T20,0,Kolkata Knight Riders,runs,17,0,0,0,0,MK Tiwary,20,Delhi Daredevils,Kolkata Knight Riders,Delhi Daredevils,field,Feroz Shah Kotla
9.3,IK Pathan,JH Kallis,0,JR Hopes,"{'batsman': 0, 'extras': 0, 'total': 0}",0,0.0,0,0.0,0.0,0,0,0,0,0,0,0,Delhi Daredevils,Delhi,2011-04-28,male,T20,0,Kolkata Knight Riders,runs,17,0,0,0,0,MK Tiwary,20,Delhi Daredevils,Kolkata Knight Riders,Delhi Daredevils,field,Feroz Shah Kotla
9.4,IK Pathan,JH Kallis,0,JR Hopes,"{'batsman': 0, 'extras': 0, 'total': 0}",0,0.0,0,0.0,0.0,0,0,0,0,0,0,0,Delhi Daredevils,Delhi,2011-04-28,male,T20,0,Kolkata Knight Riders,runs,17,0,0,0,0,MK Tiwary,20,Delhi Daredevils,Kolkata Knight Riders,Delhi Daredevils,field,Feroz Shah Kotla
9.5,IK Pathan,JH Kallis,0,JR Hopes,"{'batsman': 0, 'extras': 0, 'total': 0}",0,0.0,0,0.0,0.0,0,0,0,0,0,0,0,Delhi Daredevils,Delhi,2011-04-28,male,T20,0,Kolkata Knight Riders,runs,17,0,0,0,0,MK Tiwary,20,Delhi Daredevils,Kolkata Knight Riders,Delhi Daredevils,field,Feroz Shah Kotla
9.6,IK Pathan,JH Kallis,0,JR Hopes,"{'batsman': 6, 'extras': 0, 'total': 6}",0,0.0,0,0.0,0.0,0,0,0,0,6,0,6,Delhi Daredevils,Delhi,2011-04-28,male,T20,0,Kolkata Knight Riders,runs,17,0,0,0,0,MK Tiwary,20,Delhi Daredevils,Kolkata Knight Riders,Delhi Daredevils,field,Feroz Shah Kotla
10.1,JR Hopes,Iqbal Abdulla,0,IK Pathan,"{'batsman': 0, 'extras': 0, 'total': 0}",0,0.0,0,0.0,0.0,0,0,0,0,0,0,0,Delhi Daredevils,Delhi,2011-04-28,male,T20,0,Kolkata Knight Riders,runs,17,0,0,0,0,MK Tiwary,20,Delhi Daredevils,Kolkata Knight Riders,Delhi Daredevils,field,Feroz Shah Kotla
10.2,JR Hopes,Iqbal Abdulla,0,IK Pathan,"{'batsman': 1, 'extras': 0, 'total': 1}",0,0.0,0,0.0,0.0,0,0,0,0,1,0,1,Delhi Daredevils,Delhi,2011-04-28,male,T20,0,Kolkata Knight Riders,runs,17,0,0,0,0,MK Tiwary,20,Delhi Daredevils,Kolkata Knight Riders,Delhi Daredevils,field,Feroz Shah Kotla
10.3,IK Pathan,Iqbal Abdulla,0,JR Hopes,"{'batsman': 0, 'extras': 0, 'total': 0}","{'fielders': ['RN ten Doeschate'], 'kind': 'caught', 'player_out': 'IK Pathan'}",0.0,0,0.0,0.0,0,caught,IK Pathan,['RN ten Doeschate'],0,0,0,Delhi Daredevils,Delhi,2011-04-28,male,T20,0,Kolkata Knight Riders,runs,17,0,0,0,0,MK Tiwary,20,Delhi Daredevils,Kolkata Knight Riders,Delhi Daredevils,field,Feroz Shah Kotla
10.4,JR Hopes,Iqbal Abdulla,0,TR Birt,"{'batsman': 1, 'extras': 0, 'total': 1}",0,0.0,0,0.0,0.0,0,0,0,0,1,0,1,Delhi Daredevils,Delhi,2011-04-28,male,T20,0,Kolkata Knight Riders,runs,17,0,0,0,0,MK Tiwary,20,Delhi Daredevils,Kolkata Knight Riders,Delhi Daredevils,field,Feroz Shah Kotla
10.5,TR Birt,Iqbal Abdulla,0,JR Hopes,"{'batsman': 0, 'extras': 0, 'total': 0}",0,0.0,0,0.0,0.0,0,0,0,0,0,0,0,Delhi Daredevils,Delhi,2011-04-28,male,T20,0,Kolkata Knight Riders,runs,17,0,0,0,0,MK Tiwary,20,Delhi Daredevils,Kolkata Knight Riders,Delhi Daredevils,field,Feroz Shah Kotla
10.6,TR Birt,Iqbal Abdulla,0,JR Hopes,"{'batsman': 0, 'extras': 0, 'total': 0}",0,0.0,0,0.0,0.0,0,0,0,0,0,0,0,Delhi Daredevils,Delhi,2011-04-28,male,T20,0,Kolkata Knight Riders,runs,17,0,0,0,0,MK Tiwary,20,Delhi Daredevils,Kolkata Knight Riders,Delhi Daredevils,field,Feroz Shah Kotla
11.1,JR Hopes,YK Pathan,0,TR Birt,"{'batsman': 1, 'extras': 0, 'total': 1}",0,0.0,0,0.0,0.0,0,0,0,0,1,0,1,Delhi Daredevils,Delhi,2011-04-28,male,T20,0,Kolkata Knight Riders,runs,17,0,0,0,0,MK Tiwary,20,Delhi Daredevils,Kolkata Knight Riders,Delhi Daredevils,field,Feroz Shah Kotla
11.2,TR Birt,YK Pathan,0,JR Hopes,"{'batsman': 1, 'extras': 0, 'total': 1}",0,0.0,0,0.0,0.0,0,0,0,0,1,0,1,Delhi Daredevils,Delhi,2011-04-28,male,T20,0,Kolkata Knight Riders,runs,17,0,0,0,0,MK Tiwary,20,Delhi Daredevils,Kolkata Knight Riders,Delhi Daredevils,field,Feroz Shah Kotla
11.3,JR Hopes,YK Pathan,0,TR Birt,"{'batsman': 1, 'extras': 0, 'total': 1}",0,0.0,0,0.0,0.0,0,0,0,0,1,0,1,Delhi Daredevils,Delhi,2011-04-28,male,T20,0,Kolkata Knight Riders,runs,17,0,0,0,0,MK Tiwary,20,Delhi Daredevils,Kolkata Knight Riders,Delhi Daredevils,field,Feroz Shah Kotla
11.4,TR Birt,YK Pathan,0,JR Hopes,"{'batsman': 0, 'extras': 0, 'total': 0}",0,0.0,0,0.0,0.0,0,0,0,0,0,0,0,Delhi Daredevils,Delhi,2011-04-28,male,T20,0,Kolkata Knight Riders,runs,17,0,0,0,0,MK Tiwary,20,Delhi Daredevils,Kolkata Knight Riders,Delhi Daredevils,field,Feroz Shah Kotla
11.5,TR Birt,YK Pathan,0,JR Hopes,"{'batsman': 0, 'extras': 0, 'total': 0}",0,0.0,0,0.0,0.0,0,0,0,0,0,0,0,Delhi Daredevils,Delhi,2011-04-28,male,T20,0,Kolkata Knight Riders,runs,17,0,0,0,0,MK Tiwary,20,Delhi Daredevils,Kolkata Knight Riders,Delhi Daredevils,field,Feroz Shah Kotla
11.6,TR Birt,YK Pathan,0,JR Hopes,"{'batsman': 1, 'extras': 0, 'total': 1}",0,0.0,0,0.0,0.0,0,0,0,0,1,0,1,Delhi Daredevils,Delhi,2011-04-28,male,T20,0,Kolkata Knight Riders,runs,17,0,0,0,0,MK Tiwary,20,Delhi Daredevils,Kolkata Knight Riders,Delhi Daredevils,field,Feroz Shah Kotla
12.1,TR Birt,Iqbal Abdulla,0,JR Hopes,"{'batsman': 2, 'extras': 0, 'total': 2}",0,0.0,0,0.0,0.0,0,0,0,0,2,0,2,Delhi Daredevils,Delhi,2011-04-28,male,T20,0,Kolkata Knight Riders,runs,17,0,0,0,0,MK Tiwary,20,Delhi Daredevils,Kolkata Knight Riders,Delhi Daredevils,field,Feroz Shah Kotla
12.2,TR Birt,Iqbal Abdulla,0,JR Hopes,"{'batsman': 2, 'extras': 0, 'total': 2}",0,0.0,0,0.0,0.0,0,0,0,0,2,0,2,Delhi Daredevils,Delhi,2011-04-28,male,T20,0,Kolkata Knight Riders,runs,17,0,0,0,0,MK Tiwary,20,Delhi Daredevils,Kolkata Knight Riders,Delhi Daredevils,field,Feroz Shah Kotla
12.3,TR Birt,Iqbal Abdulla,0,JR Hopes,"{'batsman': 1, 'extras': 0, 'total': 1}",0,0.0,0,0.0,0.0,0,0,0,0,1,0,1,Delhi Daredevils,Delhi,2011-04-28,male,T20,0,Kolkata Knight Riders,runs,17,0,0,0,0,MK Tiwary,20,Delhi Daredevils,Kolkata Knight Riders,Delhi Daredevils,field,Feroz Shah Kotla
12.4,JR Hopes,Iqbal Abdulla,{'byes': 2},TR Birt,"{'batsman': 0, 'extras': 2, 'total': 2}",0,0.0,0,0.0,2.0,0,0,0,0,0,2,2,Delhi Daredevils,Delhi,2011-04-28,male,T20,0,Kolkata Knight Riders,runs,17,0,0,0,0,MK Tiwary,20,Delhi Daredevils,Kolkata Knight Riders,Delhi Daredevils,field,Feroz Shah Kotla
12.5,JR Hopes,Iqbal Abdulla,0,TR Birt,"{'batsman': 1, 'extras': 0, 'total': 1}",0,0.0,0,0.0,0.0,0,0,0,0,1,0,1,Delhi Daredevils,Delhi,2011-04-28,male,T20,0,Kolkata Knight Riders,runs,17,0,0,0,0,MK Tiwary,20,Delhi Daredevils,Kolkata Knight Riders,Delhi Daredevils,field,Feroz Shah Kotla
12.6,TR Birt,Iqbal Abdulla,0,JR Hopes,"{'batsman': 1, 'extras': 0, 'total': 1}",0,0.0,0,0.0,0.0,0,0,0,0,1,0,1,Delhi Daredevils,Delhi,2011-04-28,male,T20,0,Kolkata Knight Riders,runs,17,0,0,0,0,MK Tiwary,20,Delhi Daredevils,Kolkata Knight Riders,Delhi Daredevils,field,Feroz Shah Kotla
13.1,TR Birt,YK Pathan,0,JR Hopes,"{'batsman': 0, 'extras': 0, 'total': 0}","{'fielders': ['Shakib Al Hasan (sub)'], 'kind': 'caught', 'player_out': 'TR Birt'}",0.0,0,0.0,0.0,0,caught,TR Birt,['Shakib Al Hasan (sub)'],0,0,0,Delhi Daredevils,Delhi,2011-04-28,male,T20,0,Kolkata Knight Riders,runs,17,0,0,0,0,MK Tiwary,20,Delhi Daredevils,Kolkata Knight Riders,Delhi Daredevils,field,Feroz Shah Kotla
13.2,Y Venugopal Rao,YK Pathan,0,JR Hopes,"{'batsman': 0, 'extras': 0, 'total': 0}",0,0.0,0,0.0,0.0,0,0,0,0,0,0,0,Delhi Daredevils,Delhi,2011-04-28,male,T20,0,Kolkata Knight Riders,runs,17,0,0,0,0,MK Tiwary,20,Delhi Daredevils,Kolkata Knight Riders,Delhi Daredevils,field,Feroz Shah Kotla
13.3,Y Venugopal Rao,YK Pathan,0,JR Hopes,"{'batsman': 0, 'extras': 0, 'total': 0}",0,0.0,0,0.0,0.0,0,0,0,0,0,0,0,Delhi Daredevils,Delhi,2011-04-28,male,T20,0,Kolkata Knight Riders,runs,17,0,0,0,0,MK Tiwary,20,Delhi Daredevils,Kolkata Knight Riders,Delhi Daredevils,field,Feroz Shah Kotla
13.4,Y Venugopal Rao,YK Pathan,0,JR Hopes,"{'batsman': 1, 'extras': 0, 'total': 1}",0,0.0,0,0.0,0.0,0,0,0,0,1,0,1,Delhi Daredevils,Delhi,2011-04-28,male,T20,0,Kolkata Knight Riders,runs,17,0,0,0,0,MK Tiwary,20,Delhi Daredevils,Kolkata Knight Riders,Delhi Daredevils,field,Feroz Shah Kotla
13.5,JR Hopes,YK Pathan,0,Y Venugopal Rao,"{'batsman': 1, 'extras': 0, 'total': 1}",0,0.0,0,0.0,0.0,0,0,0,0,1,0,1,Delhi Daredevils,Delhi,2011-04-28,male,T20,0,Kolkata Knight Riders,runs,17,0,0,0,0,MK Tiwary,20,Delhi Daredevils,Kolkata Knight Riders,Delhi Daredevils,field,Feroz Shah Kotla
13.6,Y Venugopal Rao,YK Pathan,0,JR Hopes,"{'batsman': 0, 'extras': 0, 'total': 0}",0,0.0,0,0.0,0.0,0,0,0,0,0,0,0,Delhi Daredevils,Delhi,2011-04-28,male,T20,0,Kolkata Knight Riders,runs,17,0,0,0,0,MK Tiwary,20,Delhi Daredevils,Kolkata Knight Riders,Delhi Daredevils,field,Feroz Shah Kotla
14.1,JR Hopes,Iqbal Abdulla,0,Y Venugopal Rao,"{'batsman': 6, 'extras': 0, 'total': 6}",0,0.0,0,0.0,0.0,0,0,0,0,6,0,6,Delhi Daredevils,Delhi,2011-04-28,male,T20,0,Kolkata Knight Riders,runs,17,0,0,0,0,MK Tiwary,20,Delhi Daredevils,Kolkata Knight Riders,Delhi Daredevils,field,Feroz Shah Kotla
14.2,JR Hopes,Iqbal Abdulla,0,Y Venugopal Rao,"{'batsman': 0, 'extras': 0, 'total': 0}","{'fielders': ['MK Tiwary'], 'kind': 'caught', 'player_out': 'JR Hopes'}",0.0,0,0.0,0.0,0,caught,JR Hopes,['MK Tiwary'],0,0,0,Delhi Daredevils,Delhi,2011-04-28,male,T20,0,Kolkata Knight Riders,runs,17,0,0,0,0,MK Tiwary,20,Delhi Daredevils,Kolkata Knight Riders,Delhi Daredevils,field,Feroz Shah Kotla
14.3,NV Ojha,Iqbal Abdulla,0,Y Venugopal Rao,"{'batsman': 1, 'extras': 0, 'total': 1}",0,0.0,0,0.0,0.0,0,0,0,0,1,0,1,Delhi Daredevils,Delhi,2011-04-28,male,T20,0,Kolkata Knight Riders,runs,17,0,0,0,0,MK Tiwary,20,Delhi Daredevils,Kolkata Knight Riders,Delhi Daredevils,field,Feroz Shah Kotla
14.4,Y Venugopal Rao,Iqbal Abdulla,0,NV Ojha,"{'batsman': 1, 'extras': 0, 'total': 1}",0,0.0,0,0.0,0.0,0,0,0,0,1,0,1,Delhi Daredevils,Delhi,2011-04-28,male,T20,0,Kolkata Knight Riders,runs,17,0,0,0,0,MK Tiwary,20,Delhi Daredevils,Kolkata Knight Riders,Delhi Daredevils,field,Feroz Shah Kotla
14.5,NV Ojha,Iqbal Abdulla,0,Y Venugopal Rao,"{'batsman': 0, 'extras': 0, 'total': 0}","{'fielders': ['B Lee'], 'kind': 'caught', 'player_out': 'NV Ojha'}",0.0,0,0.0,0.0,0,caught,NV Ojha,['B Lee'],0,0,0,Delhi Daredevils,Delhi,2011-04-28,male,T20,0,Kolkata Knight Riders,runs,17,0,0,0,0,MK Tiwary,20,Delhi Daredevils,Kolkata Knight Riders,Delhi Daredevils,field,Feroz Shah Kotla
14.6,Y Venugopal Rao,Iqbal Abdulla,0,Y Nagar,"{'batsman': 1, 'extras': 0, 'total': 1}",0,0.0,0,0.0,0.0,0,0,0,0,1,0,1,Delhi Daredevils,Delhi,2011-04-28,male,T20,0,Kolkata Knight Riders,runs,17,0,0,0,0,MK Tiwary,20,Delhi Daredevils,Kolkata Knight Riders,Delhi Daredevils,field,Feroz Shah Kotla
15.1,Y Venugopal Rao,B Lee,0,Y Nagar,"{'batsman': 4, 'extras': 0, 'total': 4}",0,0.0,0,0.0,0.0,0,0,0,0,4,0,4,Delhi Daredevils,Delhi,2011-04-28,male,T20,0,Kolkata Knight Riders,runs,17,0,0,0,0,MK Tiwary,20,Delhi Daredevils,Kolkata Knight Riders,Delhi Daredevils,field,Feroz Shah Kotla
15.2,Y Venugopal Rao,B Lee,0,Y Nagar,"{'batsman': 1, 'extras': 0, 'total': 1}",0,0.0,0,0.0,0.0,0,0,0,0,1,0,1,Delhi Daredevils,Delhi,2011-04-28,male,T20,0,Kolkata Knight Riders,runs,17,0,0,0,0,MK Tiwary,20,Delhi Daredevils,Kolkata Knight Riders,Delhi Daredevils,field,Feroz Shah Kotla
15.3,Y Nagar,B Lee,0,Y Venugopal Rao,"{'batsman': 2, 'extras': 0, 'total': 2}",0,0.0,0,0.0,0.0,0,0,0,0,2,0,2,Delhi Daredevils,Delhi,2011-04-28,male,T20,0,Kolkata Knight Riders,runs,17,0,0,0,0,MK Tiwary,20,Delhi Daredevils,Kolkata Knight Riders,Delhi Daredevils,field,Feroz Shah Kotla
15.4,Y Nagar,B Lee,{'wides': 1},Y Venugopal Rao,"{'batsman': 0, 'extras': 1, 'total': 1}",0,1.0,0,0.0,0.0,0,0,0,0,0,1,1,Delhi Daredevils,Delhi,2011-04-28,male,T20,0,Kolkata Knight Riders,runs,17,0,0,0,0,MK Tiwary,20,Delhi Daredevils,Kolkata Knight Riders,Delhi Daredevils,field,Feroz Shah Kotla
15.5,Y Nagar,B Lee,{'wides': 1},Y Venugopal Rao,"{'batsman': 0, 'extras': 1, 'total': 1}",0,1.0,0,0.0,0.0,0,0,0,0,0,1,1,Delhi Daredevils,Delhi,2011-04-28,male,T20,0,Kolkata Knight Riders,runs,17,0,0,0,0,MK Tiwary,20,Delhi Daredevils,Kolkata Knight Riders,Delhi Daredevils,field,Feroz Shah Kotla
15.6,Y Nagar,B Lee,0,Y Venugopal Rao,"{'batsman': 1, 'extras': 0, 'total': 1}",0,0.0,0,0.0,0.0,0,0,0,0,1,0,1,Delhi Daredevils,Delhi,2011-04-28,male,T20,0,Kolkata Knight Riders,runs,17,0,0,0,0,MK Tiwary,20,Delhi Daredevils,Kolkata Knight Riders,Delhi Daredevils,field,Feroz Shah Kotla
15.7,Y Venugopal Rao,B Lee,0,Y Nagar,"{'batsman': 2, 'extras': 0, 'total': 2}",0,0.0,0,0.0,0.0,0,0,0,0,2,0,2,Delhi Daredevils,Delhi,2011-04-28,male,T20,0,Kolkata Knight Riders,runs,17,0,0,0,0,MK Tiwary,20,Delhi Daredevils,Kolkata Knight Riders,Delhi Daredevils,field,Feroz Shah Kotla
15.8,Y Venugopal Rao,B Lee,0,Y Nagar,"{'batsman': 1, 'extras': 0, 'total': 1}",0,0.0,0,0.0,0.0,0,0,0,0,1,0,1,Delhi Daredevils,Delhi,2011-04-28,male,T20,0,Kolkata Knight Riders,runs,17,0,0,0,0,MK Tiwary,20,Delhi Daredevils,Kolkata Knight Riders,Delhi Daredevils,field,Feroz Shah Kotla
16.1,Y Venugopal Rao,JD Unadkat,0,Y Nagar,"{'batsman': 1, 'extras': 0, 'total': 1}",0,0.0,0,0.0,0.0,0,0,0,0,1,0,1,Delhi Daredevils,Delhi,2011-04-28,male,T20,0,Kolkata Knight Riders,runs,17,0,0,0,0,MK Tiwary,20,Delhi Daredevils,Kolkata Knight Riders,Delhi Daredevils,field,Feroz Shah Kotla
16.2,Y Nagar,JD Unadkat,0,Y Venugopal Rao,"{'batsman': 6, 'extras': 0, 'total': 6}",0,0.0,0,0.0,0.0,0,0,0,0,6,0,6,Delhi Daredevils,Delhi,2011-04-28,male,T20,0,Kolkata Knight Riders,runs,17,0,0,0,0,MK Tiwary,20,Delhi Daredevils,Kolkata Knight Riders,Delhi Daredevils,field,Feroz Shah Kotla
16.3,Y Nagar,JD Unadkat,0,Y Venugopal Rao,"{'batsman': 0, 'extras': 0, 'total': 0}",0,0.0,0,0.0,0.0,0,0,0,0,0,0,0,Delhi Daredevils,Delhi,2011-04-28,male,T20,0,Kolkata Knight Riders,runs,17,0,0,0,0,MK Tiwary,20,Delhi Daredevils,Kolkata Knight Riders,Delhi Daredevils,field,Feroz Shah Kotla
16.4,Y Nagar,JD Unadkat,0,Y Venugopal Rao,"{'batsman': 0, 'extras': 0, 'total': 0}",0,0.0,0,0.0,0.0,0,0,0,0,0,0,0,Delhi Daredevils,Delhi,2011-04-28,male,T20,0,Kolkata Knight Riders,runs,17,0,0,0,0,MK Tiwary,20,Delhi Daredevils,Kolkata Knight Riders,Delhi Daredevils,field,Feroz Shah Kotla
16.5,Y Nagar,JD Unadkat,0,Y Venugopal Rao,"{'batsman': 3, 'extras': 0, 'total': 3}",0,0.0,0,0.0,0.0,0,0,0,0,3,0,3,Delhi Daredevils,Delhi,2011-04-28,male,T20,0,Kolkata Knight Riders,runs,17,0,0,0,0,MK Tiwary,20,Delhi Daredevils,Kolkata Knight Riders,Delhi Daredevils,field,Feroz Shah Kotla
16.6,Y Venugopal Rao,JD Unadkat,0,Y Nagar,"{'batsman': 0, 'extras': 0, 'total': 0}",0,0.0,0,0.0,0.0,0,0,0,0,0,0,0,Delhi Daredevils,Delhi,2011-04-28,male,T20,0,Kolkata Knight Riders,runs,17,0,0,0,0,MK Tiwary,20,Delhi Daredevils,Kolkata Knight Riders,Delhi Daredevils,field,Feroz Shah Kotla
17.1,Y Nagar,L Balaji,{'byes': 1},Y Venugopal Rao,"{'batsman': 0, 'extras': 1, 'total': 1}",0,0.0,0,0.0,1.0,0,0,0,0,0,1,1,Delhi Daredevils,Delhi,2011-04-28,male,T20,0,Kolkata Knight Riders,runs,17,0,0,0,0,MK Tiwary,20,Delhi Daredevils,Kolkata Knight Riders,Delhi Daredevils,field,Feroz Shah Kotla
17.2,Y Venugopal Rao,L Balaji,0,Y Nagar,"{'batsman': 0, 'extras': 0, 'total': 0}",0,0.0,0,0.0,0.0,0,0,0,0,0,0,0,Delhi Daredevils,Delhi,2011-04-28,male,T20,0,Kolkata Knight Riders,runs,17,0,0,0,0,MK Tiwary,20,Delhi Daredevils,Kolkata Knight Riders,Delhi Daredevils,field,Feroz Shah Kotla
17.3,Y Venugopal Rao,L Balaji,0,Y Nagar,"{'batsman': 2, 'extras': 0, 'total': 2}",0,0.0,0,0.0,0.0,0,0,0,0,2,0,2,Delhi Daredevils,Delhi,2011-04-28,male,T20,0,Kolkata Knight Riders,runs,17,0,0,0,0,MK Tiwary,20,Delhi Daredevils,Kolkata Knight Riders,Delhi Daredevils,field,Feroz Shah Kotla
17.4,Y Venugopal Rao,L Balaji,0,Y Nagar,"{'batsman': 4, 'extras': 0, 'total': 4}",0,0.0,0,0.0,0.0,0,0,0,0,4,0,4,Delhi Daredevils,Delhi,2011-04-28,male,T20,0,Kolkata Knight Riders,runs,17,0,0,0,0,MK Tiwary,20,Delhi Daredevils,Kolkata Knight Riders,Delhi Daredevils,field,Feroz Shah Kotla
17.5,Y Venugopal Rao,L Balaji,0,Y Nagar,"{'batsman': 1, 'extras': 0, 'total': 1}",0,0.0,0,0.0,0.0,0,0,0,0,1,0,1,Delhi Daredevils,Delhi,2011-04-28,male,T20,0,Kolkata Knight Riders,runs,17,0,0,0,0,MK Tiwary,20,Delhi Daredevils,Kolkata Knight Riders,Delhi Daredevils,field,Feroz Shah Kotla
17.6,Y Nagar,L Balaji,0,Y Venugopal Rao,"{'batsman': 6, 'extras': 0, 'total': 6}",0,0.0,0,0.0,0.0,0,0,0,0,6,0,6,Delhi Daredevils,Delhi,2011-04-28,male,T20,0,Kolkata Knight Riders,runs,17,0,0,0,0,MK Tiwary,20,Delhi Daredevils,Kolkata Knight Riders,Delhi Daredevils,field,Feroz Shah Kotla
18.1,Y Venugopal Rao,B Lee,0,Y Nagar,"{'batsman': 0, 'extras': 0, 'total': 0}",0,0.0,0,0.0,0.0,0,0,0,0,0,0,0,Delhi Daredevils,Delhi,2011-04-28,male,T20,0,Kolkata Knight Riders,runs,17,0,0,0,0,MK Tiwary,20,Delhi Daredevils,Kolkata Knight Riders,Delhi Daredevils,field,Feroz Shah Kotla
18.2,Y Venugopal Rao,B Lee,0,Y Nagar,"{'batsman': 0, 'extras': 0, 'total': 0}","{'fielders': ['SP Goswami', 'B Lee'], 'kind': 'run out', 'player_out': 'Y Venugopal Rao'}",0.0,0,0.0,0.0,0,run out,Y Venugopal Rao,"['SP Goswami', 'B Lee']",0,0,0,Delhi Daredevils,Delhi,2011-04-28,male,T20,0,Kolkata Knight Riders,runs,17,0,0,0,0,MK Tiwary,20,Delhi Daredevils,Kolkata Knight Riders,Delhi Daredevils,field,Feroz Shah Kotla
18.3,Y Nagar,B Lee,0,AB Agarkar,"{'batsman': 0, 'extras': 0, 'total': 0}","{'fielders': ['L Balaji', 'B Lee'], 'kind': 'run out', 'player_out': 'AB Agarkar'}",0.0,0,0.0,0.0,0,run out,AB Agarkar,"['L Balaji', 'B Lee']",0,0,0,Delhi Daredevils,Delhi,2011-04-28,male,T20,0,Kolkata Knight Riders,runs,17,0,0,0,0,MK Tiwary,20,Delhi Daredevils,Kolkata Knight Riders,Delhi Daredevils,field,Feroz Shah Kotla
18.4,Y Nagar,B Lee,0,M Morkel,"{'batsman': 1, 'extras': 0, 'total': 1}",0,0.0,0,0.0,0.0,0,0,0,0,1,0,1,Delhi Daredevils,Delhi,2011-04-28,male,T20,0,Kolkata Knight Riders,runs,17,0,0,0,0,MK Tiwary,20,Delhi Daredevils,Kolkata Knight Riders,Delhi Daredevils,field,Feroz Shah Kotla
18.5,M Morkel,B Lee,0,Y Nagar,"{'batsman': 1, 'extras': 0, 'total': 1}",0,0.0,0,0.0,0.0,0,0,0,0,1,0,1,Delhi Daredevils,Delhi,2011-04-28,male,T20,0,Kolkata Knight Riders,runs,17,0,0,0,0,MK Tiwary,20,Delhi Daredevils,Kolkata Knight Riders,Delhi Daredevils,field,Feroz Shah Kotla
18.6,Y Nagar,B Lee,0,M Morkel,"{'batsman': 0, 'extras': 0, 'total': 0}",0,0.0,0,0.0,0.0,0,0,0,0,0,0,0,Delhi Daredevils,Delhi,2011-04-28,male,T20,0,Kolkata Knight Riders,runs,17,0,0,0,0,MK Tiwary,20,Delhi Daredevils,Kolkata Knight Riders,Delhi Daredevils,field,Feroz Shah Kotla
19.1,M Morkel,L Balaji,0,Y Nagar,"{'batsman': 0, 'extras': 0, 'total': 0}",0,0.0,0,0.0,0.0,0,0,0,0,0,0,0,Delhi Daredevils,Delhi,2011-04-28,male,T20,0,Kolkata Knight Riders,runs,17,0,0,0,0,MK Tiwary,20,Delhi Daredevils,Kolkata Knight Riders,Delhi Daredevils,field,Feroz Shah Kotla
19.2,M Morkel,L Balaji,0,Y Nagar,"{'batsman': 4, 'extras': 0, 'total': 4}",0,0.0,0,0.0,0.0,0,0,0,0,4,0,4,Delhi Daredevils,Delhi,2011-04-28,male,T20,0,Kolkata Knight Riders,runs,17,0,0,0,0,MK Tiwary,20,Delhi Daredevils,Kolkata Knight Riders,Delhi Daredevils,field,Feroz Shah Kotla
19.3,M Morkel,L Balaji,0,Y Nagar,"{'batsman': 0, 'extras': 0, 'total': 0}",0,0.0,0,0.0,0.0,0,0,0,0,0,0,0,Delhi Daredevils,Delhi,2011-04-28,male,T20,0,Kolkata Knight Riders,runs,17,0,0,0,0,MK Tiwary,20,Delhi Daredevils,Kolkata Knight Riders,Delhi Daredevils,field,Feroz Shah Kotla
19.4,M Morkel,L Balaji,0,Y Nagar,"{'batsman': 1, 'extras': 0, 'total': 1}",0,0.0,0,0.0,0.0,0,0,0,0,1,0,1,Delhi Daredevils,Delhi,2011-04-28,male,T20,0,Kolkata Knight Riders,runs,17,0,0,0,0,MK Tiwary,20,Delhi Daredevils,Kolkata Knight Riders,Delhi Daredevils,field,Feroz Shah Kotla
19.5,Y Nagar,L Balaji,0,M Morkel,"{'batsman': 0, 'extras': 0, 'total': 0}","{'fielders': ['SP Goswami'], 'kind': 'caught', 'player_out': 'Y Nagar'}",0.0,0,0.0,0.0,0,caught,Y Nagar,['SP Goswami'],0,0,0,Delhi Daredevils,Delhi,2011-04-28,male,T20,0,Kolkata Knight Riders,runs,17,0,0,0,0,MK Tiwary,20,Delhi Daredevils,Kolkata Knight Riders,Delhi Daredevils,field,Feroz Shah Kotla
19.6,UT Yadav,L Balaji,0,M Morkel,"{'batsman': 1, 'extras': 0, 'total': 1}",0,0.0,0,0.0,0.0,0,0,0,0,1,0,1,Delhi Daredevils,Delhi,2011-04-28,male,T20,0,Kolkata Knight Riders,runs,17,0,0,0,0,MK Tiwary,20,Delhi Daredevils,Kolkata Knight Riders,Delhi Daredevils,field,Feroz Shah Kotla
